# --------------------------------------------------------------------------------------------------
# 
# Program : 	A4-mpi-solo 
# where : 	.dat contains timing data & .txt contains matrix values 
# 
# Summary of values added to each matrix - retained for later reference and validation 
# 
# -------------------------------------------------------------------------------------------------- 
# 
# RUNNING :	A4-mpi-solo -i 50 
# ALLOCATE :	|segmentA|, |segmentB|, |segmentC| and |allB| ... 
# INITIALIZE :	matrices ... 
# 		<10> x <50> matrix |segmentA| using incremental <segment column> value + 1... 
		1 	2 	3 	4 	5 	6 	7 	8 	9 	10 	
		1 	2 	3 	4 	5 	6 	7 	8 	9 	10 	
		1 	2 	3 	4 	5 	6 	7 	8 	9 	10 	
		1 	2 	3 	4 	5 	6 	7 	8 	9 	10 	
		1 	2 	3 	4 	5 	6 	7 	8 	9 	10 	
		1 	2 	3 	4 	5 	6 	7 	8 	9 	10 	
		1 	2 	3 	4 	5 	6 	7 	8 	9 	10 	
		1 	2 	3 	4 	5 	6 	7 	8 	9 	10 	
		1 	2 	3 	4 	5 	6 	7 	8 	9 	10 	
		1 	2 	3 	4 	5 	6 	7 	8 	9 	10 	
		1 	2 	3 	4 	5 	6 	7 	8 	9 	10 	
		1 	2 	3 	4 	5 	6 	7 	8 	9 	10 	
		1 	2 	3 	4 	5 	6 	7 	8 	9 	10 	
		1 	2 	3 	4 	5 	6 	7 	8 	9 	10 	
		1 	2 	3 	4 	5 	6 	7 	8 	9 	10 	
		1 	2 	3 	4 	5 	6 	7 	8 	9 	10 	
		1 	2 	3 	4 	5 	6 	7 	8 	9 	10 	
		1 	2 	3 	4 	5 	6 	7 	8 	9 	10 	
		1 	2 	3 	4 	5 	6 	7 	8 	9 	10 	
		1 	2 	3 	4 	5 	6 	7 	8 	9 	10 	
		1 	2 	3 	4 	5 	6 	7 	8 	9 	10 	
		1 	2 	3 	4 	5 	6 	7 	8 	9 	10 	
		1 	2 	3 	4 	5 	6 	7 	8 	9 	10 	
		1 	2 	3 	4 	5 	6 	7 	8 	9 	10 	
		1 	2 	3 	4 	5 	6 	7 	8 	9 	10 	
		1 	2 	3 	4 	5 	6 	7 	8 	9 	10 	
		1 	2 	3 	4 	5 	6 	7 	8 	9 	10 	
		1 	2 	3 	4 	5 	6 	7 	8 	9 	10 	
		1 	2 	3 	4 	5 	6 	7 	8 	9 	10 	
		1 	2 	3 	4 	5 	6 	7 	8 	9 	10 	
		1 	2 	3 	4 	5 	6 	7 	8 	9 	10 	
		1 	2 	3 	4 	5 	6 	7 	8 	9 	10 	
		1 	2 	3 	4 	5 	6 	7 	8 	9 	10 	
		1 	2 	3 	4 	5 	6 	7 	8 	9 	10 	
		1 	2 	3 	4 	5 	6 	7 	8 	9 	10 	
		1 	2 	3 	4 	5 	6 	7 	8 	9 	10 	
		1 	2 	3 	4 	5 	6 	7 	8 	9 	10 	
		1 	2 	3 	4 	5 	6 	7 	8 	9 	10 	
		1 	2 	3 	4 	5 	6 	7 	8 	9 	10 	
		1 	2 	3 	4 	5 	6 	7 	8 	9 	10 	
		1 	2 	3 	4 	5 	6 	7 	8 	9 	10 	
		1 	2 	3 	4 	5 	6 	7 	8 	9 	10 	
		1 	2 	3 	4 	5 	6 	7 	8 	9 	10 	
		1 	2 	3 	4 	5 	6 	7 	8 	9 	10 	
		1 	2 	3 	4 	5 	6 	7 	8 	9 	10 	
		1 	2 	3 	4 	5 	6 	7 	8 	9 	10 	
		1 	2 	3 	4 	5 	6 	7 	8 	9 	10 	
		1 	2 	3 	4 	5 	6 	7 	8 	9 	10 	
		1 	2 	3 	4 	5 	6 	7 	8 	9 	10 	
		1 	2 	3 	4 	5 	6 	7 	8 	9 	10 	
		
# 		<10> x <50> matrix |segmentB| using incremental <segment column> value + 1 ... 
		1 	2 	3 	4 	5 	6 	7 	8 	9 	10 	
		1 	2 	3 	4 	5 	6 	7 	8 	9 	10 	
		1 	2 	3 	4 	5 	6 	7 	8 	9 	10 	
		1 	2 	3 	4 	5 	6 	7 	8 	9 	10 	
		1 	2 	3 	4 	5 	6 	7 	8 	9 	10 	
		1 	2 	3 	4 	5 	6 	7 	8 	9 	10 	
		1 	2 	3 	4 	5 	6 	7 	8 	9 	10 	
		1 	2 	3 	4 	5 	6 	7 	8 	9 	10 	
		1 	2 	3 	4 	5 	6 	7 	8 	9 	10 	
		1 	2 	3 	4 	5 	6 	7 	8 	9 	10 	
		1 	2 	3 	4 	5 	6 	7 	8 	9 	10 	
		1 	2 	3 	4 	5 	6 	7 	8 	9 	10 	
		1 	2 	3 	4 	5 	6 	7 	8 	9 	10 	
		1 	2 	3 	4 	5 	6 	7 	8 	9 	10 	
		1 	2 	3 	4 	5 	6 	7 	8 	9 	10 	
		1 	2 	3 	4 	5 	6 	7 	8 	9 	10 	
		1 	2 	3 	4 	5 	6 	7 	8 	9 	10 	
		1 	2 	3 	4 	5 	6 	7 	8 	9 	10 	
		1 	2 	3 	4 	5 	6 	7 	8 	9 	10 	
		1 	2 	3 	4 	5 	6 	7 	8 	9 	10 	
		1 	2 	3 	4 	5 	6 	7 	8 	9 	10 	
		1 	2 	3 	4 	5 	6 	7 	8 	9 	10 	
		1 	2 	3 	4 	5 	6 	7 	8 	9 	10 	
		1 	2 	3 	4 	5 	6 	7 	8 	9 	10 	
		1 	2 	3 	4 	5 	6 	7 	8 	9 	10 	
		1 	2 	3 	4 	5 	6 	7 	8 	9 	10 	
		1 	2 	3 	4 	5 	6 	7 	8 	9 	10 	
		1 	2 	3 	4 	5 	6 	7 	8 	9 	10 	
		1 	2 	3 	4 	5 	6 	7 	8 	9 	10 	
		1 	2 	3 	4 	5 	6 	7 	8 	9 	10 	
		1 	2 	3 	4 	5 	6 	7 	8 	9 	10 	
		1 	2 	3 	4 	5 	6 	7 	8 	9 	10 	
		1 	2 	3 	4 	5 	6 	7 	8 	9 	10 	
		1 	2 	3 	4 	5 	6 	7 	8 	9 	10 	
		1 	2 	3 	4 	5 	6 	7 	8 	9 	10 	
		1 	2 	3 	4 	5 	6 	7 	8 	9 	10 	
		1 	2 	3 	4 	5 	6 	7 	8 	9 	10 	
		1 	2 	3 	4 	5 	6 	7 	8 	9 	10 	
		1 	2 	3 	4 	5 	6 	7 	8 	9 	10 	
		1 	2 	3 	4 	5 	6 	7 	8 	9 	10 	
		1 	2 	3 	4 	5 	6 	7 	8 	9 	10 	
		1 	2 	3 	4 	5 	6 	7 	8 	9 	10 	
		1 	2 	3 	4 	5 	6 	7 	8 	9 	10 	
		1 	2 	3 	4 	5 	6 	7 	8 	9 	10 	
		1 	2 	3 	4 	5 	6 	7 	8 	9 	10 	
		1 	2 	3 	4 	5 	6 	7 	8 	9 	10 	
		1 	2 	3 	4 	5 	6 	7 	8 	9 	10 	
		1 	2 	3 	4 	5 	6 	7 	8 	9 	10 	
		1 	2 	3 	4 	5 	6 	7 	8 	9 	10 	
		1 	2 	3 	4 	5 	6 	7 	8 	9 	10 	
		
# VALIDATE :	<50> x <50> matrix |allA| contents ... 
		1 	2 	3 	4 	5 	6 	7 	8 	9 	10 	1 	2 	3 	4 	5 	6 	7 	8 	9 	10 	1 	2 	3 	4 	5 	6 	7 	8 	9 	10 	1 	2 	3 	4 	5 	6 	7 	8 	9 	10 	1 	2 	3 	4 	5 	6 	7 	8 	9 	10 	
		1 	2 	3 	4 	5 	6 	7 	8 	9 	10 	1 	2 	3 	4 	5 	6 	7 	8 	9 	10 	1 	2 	3 	4 	5 	6 	7 	8 	9 	10 	1 	2 	3 	4 	5 	6 	7 	8 	9 	10 	1 	2 	3 	4 	5 	6 	7 	8 	9 	10 	
		1 	2 	3 	4 	5 	6 	7 	8 	9 	10 	1 	2 	3 	4 	5 	6 	7 	8 	9 	10 	1 	2 	3 	4 	5 	6 	7 	8 	9 	10 	1 	2 	3 	4 	5 	6 	7 	8 	9 	10 	1 	2 	3 	4 	5 	6 	7 	8 	9 	10 	
		1 	2 	3 	4 	5 	6 	7 	8 	9 	10 	1 	2 	3 	4 	5 	6 	7 	8 	9 	10 	1 	2 	3 	4 	5 	6 	7 	8 	9 	10 	1 	2 	3 	4 	5 	6 	7 	8 	9 	10 	1 	2 	3 	4 	5 	6 	7 	8 	9 	10 	
		1 	2 	3 	4 	5 	6 	7 	8 	9 	10 	1 	2 	3 	4 	5 	6 	7 	8 	9 	10 	1 	2 	3 	4 	5 	6 	7 	8 	9 	10 	1 	2 	3 	4 	5 	6 	7 	8 	9 	10 	1 	2 	3 	4 	5 	6 	7 	8 	9 	10 	
		1 	2 	3 	4 	5 	6 	7 	8 	9 	10 	1 	2 	3 	4 	5 	6 	7 	8 	9 	10 	1 	2 	3 	4 	5 	6 	7 	8 	9 	10 	1 	2 	3 	4 	5 	6 	7 	8 	9 	10 	1 	2 	3 	4 	5 	6 	7 	8 	9 	10 	
		1 	2 	3 	4 	5 	6 	7 	8 	9 	10 	1 	2 	3 	4 	5 	6 	7 	8 	9 	10 	1 	2 	3 	4 	5 	6 	7 	8 	9 	10 	1 	2 	3 	4 	5 	6 	7 	8 	9 	10 	1 	2 	3 	4 	5 	6 	7 	8 	9 	10 	
		1 	2 	3 	4 	5 	6 	7 	8 	9 	10 	1 	2 	3 	4 	5 	6 	7 	8 	9 	10 	1 	2 	3 	4 	5 	6 	7 	8 	9 	10 	1 	2 	3 	4 	5 	6 	7 	8 	9 	10 	1 	2 	3 	4 	5 	6 	7 	8 	9 	10 	
		1 	2 	3 	4 	5 	6 	7 	8 	9 	10 	1 	2 	3 	4 	5 	6 	7 	8 	9 	10 	1 	2 	3 	4 	5 	6 	7 	8 	9 	10 	1 	2 	3 	4 	5 	6 	7 	8 	9 	10 	1 	2 	3 	4 	5 	6 	7 	8 	9 	10 	
		1 	2 	3 	4 	5 	6 	7 	8 	9 	10 	1 	2 	3 	4 	5 	6 	7 	8 	9 	10 	1 	2 	3 	4 	5 	6 	7 	8 	9 	10 	1 	2 	3 	4 	5 	6 	7 	8 	9 	10 	1 	2 	3 	4 	5 	6 	7 	8 	9 	10 	
		1 	2 	3 	4 	5 	6 	7 	8 	9 	10 	1 	2 	3 	4 	5 	6 	7 	8 	9 	10 	1 	2 	3 	4 	5 	6 	7 	8 	9 	10 	1 	2 	3 	4 	5 	6 	7 	8 	9 	10 	1 	2 	3 	4 	5 	6 	7 	8 	9 	10 	
		1 	2 	3 	4 	5 	6 	7 	8 	9 	10 	1 	2 	3 	4 	5 	6 	7 	8 	9 	10 	1 	2 	3 	4 	5 	6 	7 	8 	9 	10 	1 	2 	3 	4 	5 	6 	7 	8 	9 	10 	1 	2 	3 	4 	5 	6 	7 	8 	9 	10 	
		1 	2 	3 	4 	5 	6 	7 	8 	9 	10 	1 	2 	3 	4 	5 	6 	7 	8 	9 	10 	1 	2 	3 	4 	5 	6 	7 	8 	9 	10 	1 	2 	3 	4 	5 	6 	7 	8 	9 	10 	1 	2 	3 	4 	5 	6 	7 	8 	9 	10 	
		1 	2 	3 	4 	5 	6 	7 	8 	9 	10 	1 	2 	3 	4 	5 	6 	7 	8 	9 	10 	1 	2 	3 	4 	5 	6 	7 	8 	9 	10 	1 	2 	3 	4 	5 	6 	7 	8 	9 	10 	1 	2 	3 	4 	5 	6 	7 	8 	9 	10 	
		1 	2 	3 	4 	5 	6 	7 	8 	9 	10 	1 	2 	3 	4 	5 	6 	7 	8 	9 	10 	1 	2 	3 	4 	5 	6 	7 	8 	9 	10 	1 	2 	3 	4 	5 	6 	7 	8 	9 	10 	1 	2 	3 	4 	5 	6 	7 	8 	9 	10 	
		1 	2 	3 	4 	5 	6 	7 	8 	9 	10 	1 	2 	3 	4 	5 	6 	7 	8 	9 	10 	1 	2 	3 	4 	5 	6 	7 	8 	9 	10 	1 	2 	3 	4 	5 	6 	7 	8 	9 	10 	1 	2 	3 	4 	5 	6 	7 	8 	9 	10 	
		1 	2 	3 	4 	5 	6 	7 	8 	9 	10 	1 	2 	3 	4 	5 	6 	7 	8 	9 	10 	1 	2 	3 	4 	5 	6 	7 	8 	9 	10 	1 	2 	3 	4 	5 	6 	7 	8 	9 	10 	1 	2 	3 	4 	5 	6 	7 	8 	9 	10 	
		1 	2 	3 	4 	5 	6 	7 	8 	9 	10 	1 	2 	3 	4 	5 	6 	7 	8 	9 	10 	1 	2 	3 	4 	5 	6 	7 	8 	9 	10 	1 	2 	3 	4 	5 	6 	7 	8 	9 	10 	1 	2 	3 	4 	5 	6 	7 	8 	9 	10 	
		1 	2 	3 	4 	5 	6 	7 	8 	9 	10 	1 	2 	3 	4 	5 	6 	7 	8 	9 	10 	1 	2 	3 	4 	5 	6 	7 	8 	9 	10 	1 	2 	3 	4 	5 	6 	7 	8 	9 	10 	1 	2 	3 	4 	5 	6 	7 	8 	9 	10 	
		1 	2 	3 	4 	5 	6 	7 	8 	9 	10 	1 	2 	3 	4 	5 	6 	7 	8 	9 	10 	1 	2 	3 	4 	5 	6 	7 	8 	9 	10 	1 	2 	3 	4 	5 	6 	7 	8 	9 	10 	1 	2 	3 	4 	5 	6 	7 	8 	9 	10 	
		1 	2 	3 	4 	5 	6 	7 	8 	9 	10 	1 	2 	3 	4 	5 	6 	7 	8 	9 	10 	1 	2 	3 	4 	5 	6 	7 	8 	9 	10 	1 	2 	3 	4 	5 	6 	7 	8 	9 	10 	1 	2 	3 	4 	5 	6 	7 	8 	9 	10 	
		1 	2 	3 	4 	5 	6 	7 	8 	9 	10 	1 	2 	3 	4 	5 	6 	7 	8 	9 	10 	1 	2 	3 	4 	5 	6 	7 	8 	9 	10 	1 	2 	3 	4 	5 	6 	7 	8 	9 	10 	1 	2 	3 	4 	5 	6 	7 	8 	9 	10 	
		1 	2 	3 	4 	5 	6 	7 	8 	9 	10 	1 	2 	3 	4 	5 	6 	7 	8 	9 	10 	1 	2 	3 	4 	5 	6 	7 	8 	9 	10 	1 	2 	3 	4 	5 	6 	7 	8 	9 	10 	1 	2 	3 	4 	5 	6 	7 	8 	9 	10 	
		1 	2 	3 	4 	5 	6 	7 	8 	9 	10 	1 	2 	3 	4 	5 	6 	7 	8 	9 	10 	1 	2 	3 	4 	5 	6 	7 	8 	9 	10 	1 	2 	3 	4 	5 	6 	7 	8 	9 	10 	1 	2 	3 	4 	5 	6 	7 	8 	9 	10 	
		1 	2 	3 	4 	5 	6 	7 	8 	9 	10 	1 	2 	3 	4 	5 	6 	7 	8 	9 	10 	1 	2 	3 	4 	5 	6 	7 	8 	9 	10 	1 	2 	3 	4 	5 	6 	7 	8 	9 	10 	1 	2 	3 	4 	5 	6 	7 	8 	9 	10 	
		1 	2 	3 	4 	5 	6 	7 	8 	9 	10 	1 	2 	3 	4 	5 	6 	7 	8 	9 	10 	1 	2 	3 	4 	5 	6 	7 	8 	9 	10 	1 	2 	3 	4 	5 	6 	7 	8 	9 	10 	1 	2 	3 	4 	5 	6 	7 	8 	9 	10 	
		1 	2 	3 	4 	5 	6 	7 	8 	9 	10 	1 	2 	3 	4 	5 	6 	7 	8 	9 	10 	1 	2 	3 	4 	5 	6 	7 	8 	9 	10 	1 	2 	3 	4 	5 	6 	7 	8 	9 	10 	1 	2 	3 	4 	5 	6 	7 	8 	9 	10 	
		1 	2 	3 	4 	5 	6 	7 	8 	9 	10 	1 	2 	3 	4 	5 	6 	7 	8 	9 	10 	1 	2 	3 	4 	5 	6 	7 	8 	9 	10 	1 	2 	3 	4 	5 	6 	7 	8 	9 	10 	1 	2 	3 	4 	5 	6 	7 	8 	9 	10 	
		1 	2 	3 	4 	5 	6 	7 	8 	9 	10 	1 	2 	3 	4 	5 	6 	7 	8 	9 	10 	1 	2 	3 	4 	5 	6 	7 	8 	9 	10 	1 	2 	3 	4 	5 	6 	7 	8 	9 	10 	1 	2 	3 	4 	5 	6 	7 	8 	9 	10 	
		1 	2 	3 	4 	5 	6 	7 	8 	9 	10 	1 	2 	3 	4 	5 	6 	7 	8 	9 	10 	1 	2 	3 	4 	5 	6 	7 	8 	9 	10 	1 	2 	3 	4 	5 	6 	7 	8 	9 	10 	1 	2 	3 	4 	5 	6 	7 	8 	9 	10 	
		1 	2 	3 	4 	5 	6 	7 	8 	9 	10 	1 	2 	3 	4 	5 	6 	7 	8 	9 	10 	1 	2 	3 	4 	5 	6 	7 	8 	9 	10 	1 	2 	3 	4 	5 	6 	7 	8 	9 	10 	1 	2 	3 	4 	5 	6 	7 	8 	9 	10 	
		1 	2 	3 	4 	5 	6 	7 	8 	9 	10 	1 	2 	3 	4 	5 	6 	7 	8 	9 	10 	1 	2 	3 	4 	5 	6 	7 	8 	9 	10 	1 	2 	3 	4 	5 	6 	7 	8 	9 	10 	1 	2 	3 	4 	5 	6 	7 	8 	9 	10 	
		1 	2 	3 	4 	5 	6 	7 	8 	9 	10 	1 	2 	3 	4 	5 	6 	7 	8 	9 	10 	1 	2 	3 	4 	5 	6 	7 	8 	9 	10 	1 	2 	3 	4 	5 	6 	7 	8 	9 	10 	1 	2 	3 	4 	5 	6 	7 	8 	9 	10 	
		1 	2 	3 	4 	5 	6 	7 	8 	9 	10 	1 	2 	3 	4 	5 	6 	7 	8 	9 	10 	1 	2 	3 	4 	5 	6 	7 	8 	9 	10 	1 	2 	3 	4 	5 	6 	7 	8 	9 	10 	1 	2 	3 	4 	5 	6 	7 	8 	9 	10 	
		1 	2 	3 	4 	5 	6 	7 	8 	9 	10 	1 	2 	3 	4 	5 	6 	7 	8 	9 	10 	1 	2 	3 	4 	5 	6 	7 	8 	9 	10 	1 	2 	3 	4 	5 	6 	7 	8 	9 	10 	1 	2 	3 	4 	5 	6 	7 	8 	9 	10 	
		1 	2 	3 	4 	5 	6 	7 	8 	9 	10 	1 	2 	3 	4 	5 	6 	7 	8 	9 	10 	1 	2 	3 	4 	5 	6 	7 	8 	9 	10 	1 	2 	3 	4 	5 	6 	7 	8 	9 	10 	1 	2 	3 	4 	5 	6 	7 	8 	9 	10 	
		1 	2 	3 	4 	5 	6 	7 	8 	9 	10 	1 	2 	3 	4 	5 	6 	7 	8 	9 	10 	1 	2 	3 	4 	5 	6 	7 	8 	9 	10 	1 	2 	3 	4 	5 	6 	7 	8 	9 	10 	1 	2 	3 	4 	5 	6 	7 	8 	9 	10 	
		1 	2 	3 	4 	5 	6 	7 	8 	9 	10 	1 	2 	3 	4 	5 	6 	7 	8 	9 	10 	1 	2 	3 	4 	5 	6 	7 	8 	9 	10 	1 	2 	3 	4 	5 	6 	7 	8 	9 	10 	1 	2 	3 	4 	5 	6 	7 	8 	9 	10 	
		1 	2 	3 	4 	5 	6 	7 	8 	9 	10 	1 	2 	3 	4 	5 	6 	7 	8 	9 	10 	1 	2 	3 	4 	5 	6 	7 	8 	9 	10 	1 	2 	3 	4 	5 	6 	7 	8 	9 	10 	1 	2 	3 	4 	5 	6 	7 	8 	9 	10 	
		1 	2 	3 	4 	5 	6 	7 	8 	9 	10 	1 	2 	3 	4 	5 	6 	7 	8 	9 	10 	1 	2 	3 	4 	5 	6 	7 	8 	9 	10 	1 	2 	3 	4 	5 	6 	7 	8 	9 	10 	1 	2 	3 	4 	5 	6 	7 	8 	9 	10 	
		1 	2 	3 	4 	5 	6 	7 	8 	9 	10 	1 	2 	3 	4 	5 	6 	7 	8 	9 	10 	1 	2 	3 	4 	5 	6 	7 	8 	9 	10 	1 	2 	3 	4 	5 	6 	7 	8 	9 	10 	1 	2 	3 	4 	5 	6 	7 	8 	9 	10 	
		1 	2 	3 	4 	5 	6 	7 	8 	9 	10 	1 	2 	3 	4 	5 	6 	7 	8 	9 	10 	1 	2 	3 	4 	5 	6 	7 	8 	9 	10 	1 	2 	3 	4 	5 	6 	7 	8 	9 	10 	1 	2 	3 	4 	5 	6 	7 	8 	9 	10 	
		1 	2 	3 	4 	5 	6 	7 	8 	9 	10 	1 	2 	3 	4 	5 	6 	7 	8 	9 	10 	1 	2 	3 	4 	5 	6 	7 	8 	9 	10 	1 	2 	3 	4 	5 	6 	7 	8 	9 	10 	1 	2 	3 	4 	5 	6 	7 	8 	9 	10 	
		1 	2 	3 	4 	5 	6 	7 	8 	9 	10 	1 	2 	3 	4 	5 	6 	7 	8 	9 	10 	1 	2 	3 	4 	5 	6 	7 	8 	9 	10 	1 	2 	3 	4 	5 	6 	7 	8 	9 	10 	1 	2 	3 	4 	5 	6 	7 	8 	9 	10 	
		1 	2 	3 	4 	5 	6 	7 	8 	9 	10 	1 	2 	3 	4 	5 	6 	7 	8 	9 	10 	1 	2 	3 	4 	5 	6 	7 	8 	9 	10 	1 	2 	3 	4 	5 	6 	7 	8 	9 	10 	1 	2 	3 	4 	5 	6 	7 	8 	9 	10 	
		1 	2 	3 	4 	5 	6 	7 	8 	9 	10 	1 	2 	3 	4 	5 	6 	7 	8 	9 	10 	1 	2 	3 	4 	5 	6 	7 	8 	9 	10 	1 	2 	3 	4 	5 	6 	7 	8 	9 	10 	1 	2 	3 	4 	5 	6 	7 	8 	9 	10 	
		1 	2 	3 	4 	5 	6 	7 	8 	9 	10 	1 	2 	3 	4 	5 	6 	7 	8 	9 	10 	1 	2 	3 	4 	5 	6 	7 	8 	9 	10 	1 	2 	3 	4 	5 	6 	7 	8 	9 	10 	1 	2 	3 	4 	5 	6 	7 	8 	9 	10 	
		1 	2 	3 	4 	5 	6 	7 	8 	9 	10 	1 	2 	3 	4 	5 	6 	7 	8 	9 	10 	1 	2 	3 	4 	5 	6 	7 	8 	9 	10 	1 	2 	3 	4 	5 	6 	7 	8 	9 	10 	1 	2 	3 	4 	5 	6 	7 	8 	9 	10 	
		1 	2 	3 	4 	5 	6 	7 	8 	9 	10 	1 	2 	3 	4 	5 	6 	7 	8 	9 	10 	1 	2 	3 	4 	5 	6 	7 	8 	9 	10 	1 	2 	3 	4 	5 	6 	7 	8 	9 	10 	1 	2 	3 	4 	5 	6 	7 	8 	9 	10 	
		1 	2 	3 	4 	5 	6 	7 	8 	9 	10 	1 	2 	3 	4 	5 	6 	7 	8 	9 	10 	1 	2 	3 	4 	5 	6 	7 	8 	9 	10 	1 	2 	3 	4 	5 	6 	7 	8 	9 	10 	1 	2 	3 	4 	5 	6 	7 	8 	9 	10 	
		
# VALIDATE :	<50> x <50> matrix |allB| contents ... 
		1 	2 	3 	4 	5 	6 	7 	8 	9 	10 	1 	2 	3 	4 	5 	6 	7 	8 	9 	10 	1 	2 	3 	4 	5 	6 	7 	8 	9 	10 	1 	2 	3 	4 	5 	6 	7 	8 	9 	10 	1 	2 	3 	4 	5 	6 	7 	8 	9 	10 	
		1 	2 	3 	4 	5 	6 	7 	8 	9 	10 	1 	2 	3 	4 	5 	6 	7 	8 	9 	10 	1 	2 	3 	4 	5 	6 	7 	8 	9 	10 	1 	2 	3 	4 	5 	6 	7 	8 	9 	10 	1 	2 	3 	4 	5 	6 	7 	8 	9 	10 	
		1 	2 	3 	4 	5 	6 	7 	8 	9 	10 	1 	2 	3 	4 	5 	6 	7 	8 	9 	10 	1 	2 	3 	4 	5 	6 	7 	8 	9 	10 	1 	2 	3 	4 	5 	6 	7 	8 	9 	10 	1 	2 	3 	4 	5 	6 	7 	8 	9 	10 	
		1 	2 	3 	4 	5 	6 	7 	8 	9 	10 	1 	2 	3 	4 	5 	6 	7 	8 	9 	10 	1 	2 	3 	4 	5 	6 	7 	8 	9 	10 	1 	2 	3 	4 	5 	6 	7 	8 	9 	10 	1 	2 	3 	4 	5 	6 	7 	8 	9 	10 	
		1 	2 	3 	4 	5 	6 	7 	8 	9 	10 	1 	2 	3 	4 	5 	6 	7 	8 	9 	10 	1 	2 	3 	4 	5 	6 	7 	8 	9 	10 	1 	2 	3 	4 	5 	6 	7 	8 	9 	10 	1 	2 	3 	4 	5 	6 	7 	8 	9 	10 	
		1 	2 	3 	4 	5 	6 	7 	8 	9 	10 	1 	2 	3 	4 	5 	6 	7 	8 	9 	10 	1 	2 	3 	4 	5 	6 	7 	8 	9 	10 	1 	2 	3 	4 	5 	6 	7 	8 	9 	10 	1 	2 	3 	4 	5 	6 	7 	8 	9 	10 	
		1 	2 	3 	4 	5 	6 	7 	8 	9 	10 	1 	2 	3 	4 	5 	6 	7 	8 	9 	10 	1 	2 	3 	4 	5 	6 	7 	8 	9 	10 	1 	2 	3 	4 	5 	6 	7 	8 	9 	10 	1 	2 	3 	4 	5 	6 	7 	8 	9 	10 	
		1 	2 	3 	4 	5 	6 	7 	8 	9 	10 	1 	2 	3 	4 	5 	6 	7 	8 	9 	10 	1 	2 	3 	4 	5 	6 	7 	8 	9 	10 	1 	2 	3 	4 	5 	6 	7 	8 	9 	10 	1 	2 	3 	4 	5 	6 	7 	8 	9 	10 	
		1 	2 	3 	4 	5 	6 	7 	8 	9 	10 	1 	2 	3 	4 	5 	6 	7 	8 	9 	10 	1 	2 	3 	4 	5 	6 	7 	8 	9 	10 	1 	2 	3 	4 	5 	6 	7 	8 	9 	10 	1 	2 	3 	4 	5 	6 	7 	8 	9 	10 	
		1 	2 	3 	4 	5 	6 	7 	8 	9 	10 	1 	2 	3 	4 	5 	6 	7 	8 	9 	10 	1 	2 	3 	4 	5 	6 	7 	8 	9 	10 	1 	2 	3 	4 	5 	6 	7 	8 	9 	10 	1 	2 	3 	4 	5 	6 	7 	8 	9 	10 	
		1 	2 	3 	4 	5 	6 	7 	8 	9 	10 	1 	2 	3 	4 	5 	6 	7 	8 	9 	10 	1 	2 	3 	4 	5 	6 	7 	8 	9 	10 	1 	2 	3 	4 	5 	6 	7 	8 	9 	10 	1 	2 	3 	4 	5 	6 	7 	8 	9 	10 	
		1 	2 	3 	4 	5 	6 	7 	8 	9 	10 	1 	2 	3 	4 	5 	6 	7 	8 	9 	10 	1 	2 	3 	4 	5 	6 	7 	8 	9 	10 	1 	2 	3 	4 	5 	6 	7 	8 	9 	10 	1 	2 	3 	4 	5 	6 	7 	8 	9 	10 	
		1 	2 	3 	4 	5 	6 	7 	8 	9 	10 	1 	2 	3 	4 	5 	6 	7 	8 	9 	10 	1 	2 	3 	4 	5 	6 	7 	8 	9 	10 	1 	2 	3 	4 	5 	6 	7 	8 	9 	10 	1 	2 	3 	4 	5 	6 	7 	8 	9 	10 	
		1 	2 	3 	4 	5 	6 	7 	8 	9 	10 	1 	2 	3 	4 	5 	6 	7 	8 	9 	10 	1 	2 	3 	4 	5 	6 	7 	8 	9 	10 	1 	2 	3 	4 	5 	6 	7 	8 	9 	10 	1 	2 	3 	4 	5 	6 	7 	8 	9 	10 	
		1 	2 	3 	4 	5 	6 	7 	8 	9 	10 	1 	2 	3 	4 	5 	6 	7 	8 	9 	10 	1 	2 	3 	4 	5 	6 	7 	8 	9 	10 	1 	2 	3 	4 	5 	6 	7 	8 	9 	10 	1 	2 	3 	4 	5 	6 	7 	8 	9 	10 	
		1 	2 	3 	4 	5 	6 	7 	8 	9 	10 	1 	2 	3 	4 	5 	6 	7 	8 	9 	10 	1 	2 	3 	4 	5 	6 	7 	8 	9 	10 	1 	2 	3 	4 	5 	6 	7 	8 	9 	10 	1 	2 	3 	4 	5 	6 	7 	8 	9 	10 	
		1 	2 	3 	4 	5 	6 	7 	8 	9 	10 	1 	2 	3 	4 	5 	6 	7 	8 	9 	10 	1 	2 	3 	4 	5 	6 	7 	8 	9 	10 	1 	2 	3 	4 	5 	6 	7 	8 	9 	10 	1 	2 	3 	4 	5 	6 	7 	8 	9 	10 	
		1 	2 	3 	4 	5 	6 	7 	8 	9 	10 	1 	2 	3 	4 	5 	6 	7 	8 	9 	10 	1 	2 	3 	4 	5 	6 	7 	8 	9 	10 	1 	2 	3 	4 	5 	6 	7 	8 	9 	10 	1 	2 	3 	4 	5 	6 	7 	8 	9 	10 	
		1 	2 	3 	4 	5 	6 	7 	8 	9 	10 	1 	2 	3 	4 	5 	6 	7 	8 	9 	10 	1 	2 	3 	4 	5 	6 	7 	8 	9 	10 	1 	2 	3 	4 	5 	6 	7 	8 	9 	10 	1 	2 	3 	4 	5 	6 	7 	8 	9 	10 	
		1 	2 	3 	4 	5 	6 	7 	8 	9 	10 	1 	2 	3 	4 	5 	6 	7 	8 	9 	10 	1 	2 	3 	4 	5 	6 	7 	8 	9 	10 	1 	2 	3 	4 	5 	6 	7 	8 	9 	10 	1 	2 	3 	4 	5 	6 	7 	8 	9 	10 	
		1 	2 	3 	4 	5 	6 	7 	8 	9 	10 	1 	2 	3 	4 	5 	6 	7 	8 	9 	10 	1 	2 	3 	4 	5 	6 	7 	8 	9 	10 	1 	2 	3 	4 	5 	6 	7 	8 	9 	10 	1 	2 	3 	4 	5 	6 	7 	8 	9 	10 	
		1 	2 	3 	4 	5 	6 	7 	8 	9 	10 	1 	2 	3 	4 	5 	6 	7 	8 	9 	10 	1 	2 	3 	4 	5 	6 	7 	8 	9 	10 	1 	2 	3 	4 	5 	6 	7 	8 	9 	10 	1 	2 	3 	4 	5 	6 	7 	8 	9 	10 	
		1 	2 	3 	4 	5 	6 	7 	8 	9 	10 	1 	2 	3 	4 	5 	6 	7 	8 	9 	10 	1 	2 	3 	4 	5 	6 	7 	8 	9 	10 	1 	2 	3 	4 	5 	6 	7 	8 	9 	10 	1 	2 	3 	4 	5 	6 	7 	8 	9 	10 	
		1 	2 	3 	4 	5 	6 	7 	8 	9 	10 	1 	2 	3 	4 	5 	6 	7 	8 	9 	10 	1 	2 	3 	4 	5 	6 	7 	8 	9 	10 	1 	2 	3 	4 	5 	6 	7 	8 	9 	10 	1 	2 	3 	4 	5 	6 	7 	8 	9 	10 	
		1 	2 	3 	4 	5 	6 	7 	8 	9 	10 	1 	2 	3 	4 	5 	6 	7 	8 	9 	10 	1 	2 	3 	4 	5 	6 	7 	8 	9 	10 	1 	2 	3 	4 	5 	6 	7 	8 	9 	10 	1 	2 	3 	4 	5 	6 	7 	8 	9 	10 	
		1 	2 	3 	4 	5 	6 	7 	8 	9 	10 	1 	2 	3 	4 	5 	6 	7 	8 	9 	10 	1 	2 	3 	4 	5 	6 	7 	8 	9 	10 	1 	2 	3 	4 	5 	6 	7 	8 	9 	10 	1 	2 	3 	4 	5 	6 	7 	8 	9 	10 	
		1 	2 	3 	4 	5 	6 	7 	8 	9 	10 	1 	2 	3 	4 	5 	6 	7 	8 	9 	10 	1 	2 	3 	4 	5 	6 	7 	8 	9 	10 	1 	2 	3 	4 	5 	6 	7 	8 	9 	10 	1 	2 	3 	4 	5 	6 	7 	8 	9 	10 	
		1 	2 	3 	4 	5 	6 	7 	8 	9 	10 	1 	2 	3 	4 	5 	6 	7 	8 	9 	10 	1 	2 	3 	4 	5 	6 	7 	8 	9 	10 	1 	2 	3 	4 	5 	6 	7 	8 	9 	10 	1 	2 	3 	4 	5 	6 	7 	8 	9 	10 	
		1 	2 	3 	4 	5 	6 	7 	8 	9 	10 	1 	2 	3 	4 	5 	6 	7 	8 	9 	10 	1 	2 	3 	4 	5 	6 	7 	8 	9 	10 	1 	2 	3 	4 	5 	6 	7 	8 	9 	10 	1 	2 	3 	4 	5 	6 	7 	8 	9 	10 	
		1 	2 	3 	4 	5 	6 	7 	8 	9 	10 	1 	2 	3 	4 	5 	6 	7 	8 	9 	10 	1 	2 	3 	4 	5 	6 	7 	8 	9 	10 	1 	2 	3 	4 	5 	6 	7 	8 	9 	10 	1 	2 	3 	4 	5 	6 	7 	8 	9 	10 	
		1 	2 	3 	4 	5 	6 	7 	8 	9 	10 	1 	2 	3 	4 	5 	6 	7 	8 	9 	10 	1 	2 	3 	4 	5 	6 	7 	8 	9 	10 	1 	2 	3 	4 	5 	6 	7 	8 	9 	10 	1 	2 	3 	4 	5 	6 	7 	8 	9 	10 	
		1 	2 	3 	4 	5 	6 	7 	8 	9 	10 	1 	2 	3 	4 	5 	6 	7 	8 	9 	10 	1 	2 	3 	4 	5 	6 	7 	8 	9 	10 	1 	2 	3 	4 	5 	6 	7 	8 	9 	10 	1 	2 	3 	4 	5 	6 	7 	8 	9 	10 	
		1 	2 	3 	4 	5 	6 	7 	8 	9 	10 	1 	2 	3 	4 	5 	6 	7 	8 	9 	10 	1 	2 	3 	4 	5 	6 	7 	8 	9 	10 	1 	2 	3 	4 	5 	6 	7 	8 	9 	10 	1 	2 	3 	4 	5 	6 	7 	8 	9 	10 	
		1 	2 	3 	4 	5 	6 	7 	8 	9 	10 	1 	2 	3 	4 	5 	6 	7 	8 	9 	10 	1 	2 	3 	4 	5 	6 	7 	8 	9 	10 	1 	2 	3 	4 	5 	6 	7 	8 	9 	10 	1 	2 	3 	4 	5 	6 	7 	8 	9 	10 	
		1 	2 	3 	4 	5 	6 	7 	8 	9 	10 	1 	2 	3 	4 	5 	6 	7 	8 	9 	10 	1 	2 	3 	4 	5 	6 	7 	8 	9 	10 	1 	2 	3 	4 	5 	6 	7 	8 	9 	10 	1 	2 	3 	4 	5 	6 	7 	8 	9 	10 	
		1 	2 	3 	4 	5 	6 	7 	8 	9 	10 	1 	2 	3 	4 	5 	6 	7 	8 	9 	10 	1 	2 	3 	4 	5 	6 	7 	8 	9 	10 	1 	2 	3 	4 	5 	6 	7 	8 	9 	10 	1 	2 	3 	4 	5 	6 	7 	8 	9 	10 	
		1 	2 	3 	4 	5 	6 	7 	8 	9 	10 	1 	2 	3 	4 	5 	6 	7 	8 	9 	10 	1 	2 	3 	4 	5 	6 	7 	8 	9 	10 	1 	2 	3 	4 	5 	6 	7 	8 	9 	10 	1 	2 	3 	4 	5 	6 	7 	8 	9 	10 	
		1 	2 	3 	4 	5 	6 	7 	8 	9 	10 	1 	2 	3 	4 	5 	6 	7 	8 	9 	10 	1 	2 	3 	4 	5 	6 	7 	8 	9 	10 	1 	2 	3 	4 	5 	6 	7 	8 	9 	10 	1 	2 	3 	4 	5 	6 	7 	8 	9 	10 	
		1 	2 	3 	4 	5 	6 	7 	8 	9 	10 	1 	2 	3 	4 	5 	6 	7 	8 	9 	10 	1 	2 	3 	4 	5 	6 	7 	8 	9 	10 	1 	2 	3 	4 	5 	6 	7 	8 	9 	10 	1 	2 	3 	4 	5 	6 	7 	8 	9 	10 	
		1 	2 	3 	4 	5 	6 	7 	8 	9 	10 	1 	2 	3 	4 	5 	6 	7 	8 	9 	10 	1 	2 	3 	4 	5 	6 	7 	8 	9 	10 	1 	2 	3 	4 	5 	6 	7 	8 	9 	10 	1 	2 	3 	4 	5 	6 	7 	8 	9 	10 	
		1 	2 	3 	4 	5 	6 	7 	8 	9 	10 	1 	2 	3 	4 	5 	6 	7 	8 	9 	10 	1 	2 	3 	4 	5 	6 	7 	8 	9 	10 	1 	2 	3 	4 	5 	6 	7 	8 	9 	10 	1 	2 	3 	4 	5 	6 	7 	8 	9 	10 	
		1 	2 	3 	4 	5 	6 	7 	8 	9 	10 	1 	2 	3 	4 	5 	6 	7 	8 	9 	10 	1 	2 	3 	4 	5 	6 	7 	8 	9 	10 	1 	2 	3 	4 	5 	6 	7 	8 	9 	10 	1 	2 	3 	4 	5 	6 	7 	8 	9 	10 	
		1 	2 	3 	4 	5 	6 	7 	8 	9 	10 	1 	2 	3 	4 	5 	6 	7 	8 	9 	10 	1 	2 	3 	4 	5 	6 	7 	8 	9 	10 	1 	2 	3 	4 	5 	6 	7 	8 	9 	10 	1 	2 	3 	4 	5 	6 	7 	8 	9 	10 	
		1 	2 	3 	4 	5 	6 	7 	8 	9 	10 	1 	2 	3 	4 	5 	6 	7 	8 	9 	10 	1 	2 	3 	4 	5 	6 	7 	8 	9 	10 	1 	2 	3 	4 	5 	6 	7 	8 	9 	10 	1 	2 	3 	4 	5 	6 	7 	8 	9 	10 	
		1 	2 	3 	4 	5 	6 	7 	8 	9 	10 	1 	2 	3 	4 	5 	6 	7 	8 	9 	10 	1 	2 	3 	4 	5 	6 	7 	8 	9 	10 	1 	2 	3 	4 	5 	6 	7 	8 	9 	10 	1 	2 	3 	4 	5 	6 	7 	8 	9 	10 	
		1 	2 	3 	4 	5 	6 	7 	8 	9 	10 	1 	2 	3 	4 	5 	6 	7 	8 	9 	10 	1 	2 	3 	4 	5 	6 	7 	8 	9 	10 	1 	2 	3 	4 	5 	6 	7 	8 	9 	10 	1 	2 	3 	4 	5 	6 	7 	8 	9 	10 	
		1 	2 	3 	4 	5 	6 	7 	8 	9 	10 	1 	2 	3 	4 	5 	6 	7 	8 	9 	10 	1 	2 	3 	4 	5 	6 	7 	8 	9 	10 	1 	2 	3 	4 	5 	6 	7 	8 	9 	10 	1 	2 	3 	4 	5 	6 	7 	8 	9 	10 	
		1 	2 	3 	4 	5 	6 	7 	8 	9 	10 	1 	2 	3 	4 	5 	6 	7 	8 	9 	10 	1 	2 	3 	4 	5 	6 	7 	8 	9 	10 	1 	2 	3 	4 	5 	6 	7 	8 	9 	10 	1 	2 	3 	4 	5 	6 	7 	8 	9 	10 	
		1 	2 	3 	4 	5 	6 	7 	8 	9 	10 	1 	2 	3 	4 	5 	6 	7 	8 	9 	10 	1 	2 	3 	4 	5 	6 	7 	8 	9 	10 	1 	2 	3 	4 	5 	6 	7 	8 	9 	10 	1 	2 	3 	4 	5 	6 	7 	8 	9 	10 	
		1 	2 	3 	4 	5 	6 	7 	8 	9 	10 	1 	2 	3 	4 	5 	6 	7 	8 	9 	10 	1 	2 	3 	4 	5 	6 	7 	8 	9 	10 	1 	2 	3 	4 	5 	6 	7 	8 	9 	10 	1 	2 	3 	4 	5 	6 	7 	8 	9 	10 	
		
# ALLOCATE :	<50> x <50> Matrix |allC|  ... 
# RESULTS : 	MPI computation ...
# 		Computed Matrix [50] x [50] |allC| ... 
		275 	550 	825 	1100 	1375 	1650 	1925 	2200 	2475 	2750 	275 	550 	825 	1100 	1375 	1650 	1925 	2200 	2475 	2750 	275 	550 	825 	1100 	1375 	1650 	1925 	2200 	2475 	2750 	275 	550 	825 	1100 	1375 	1650 	1925 	2200 	2475 	2750 	275 	550 	825 	1100 	1375 	1650 	1925 	2200 	2475 	2750 	
		275 	550 	825 	1100 	1375 	1650 	1925 	2200 	2475 	2750 	275 	550 	825 	1100 	1375 	1650 	1925 	2200 	2475 	2750 	275 	550 	825 	1100 	1375 	1650 	1925 	2200 	2475 	2750 	275 	550 	825 	1100 	1375 	1650 	1925 	2200 	2475 	2750 	275 	550 	825 	1100 	1375 	1650 	1925 	2200 	2475 	2750 	
		275 	550 	825 	1100 	1375 	1650 	1925 	2200 	2475 	2750 	275 	550 	825 	1100 	1375 	1650 	1925 	2200 	2475 	2750 	275 	550 	825 	1100 	1375 	1650 	1925 	2200 	2475 	2750 	275 	550 	825 	1100 	1375 	1650 	1925 	2200 	2475 	2750 	275 	550 	825 	1100 	1375 	1650 	1925 	2200 	2475 	2750 	
		275 	550 	825 	1100 	1375 	1650 	1925 	2200 	2475 	2750 	275 	550 	825 	1100 	1375 	1650 	1925 	2200 	2475 	2750 	275 	550 	825 	1100 	1375 	1650 	1925 	2200 	2475 	2750 	275 	550 	825 	1100 	1375 	1650 	1925 	2200 	2475 	2750 	275 	550 	825 	1100 	1375 	1650 	1925 	2200 	2475 	2750 	
		275 	550 	825 	1100 	1375 	1650 	1925 	2200 	2475 	2750 	275 	550 	825 	1100 	1375 	1650 	1925 	2200 	2475 	2750 	275 	550 	825 	1100 	1375 	1650 	1925 	2200 	2475 	2750 	275 	550 	825 	1100 	1375 	1650 	1925 	2200 	2475 	2750 	275 	550 	825 	1100 	1375 	1650 	1925 	2200 	2475 	2750 	
		275 	550 	825 	1100 	1375 	1650 	1925 	2200 	2475 	2750 	275 	550 	825 	1100 	1375 	1650 	1925 	2200 	2475 	2750 	275 	550 	825 	1100 	1375 	1650 	1925 	2200 	2475 	2750 	275 	550 	825 	1100 	1375 	1650 	1925 	2200 	2475 	2750 	275 	550 	825 	1100 	1375 	1650 	1925 	2200 	2475 	2750 	
		275 	550 	825 	1100 	1375 	1650 	1925 	2200 	2475 	2750 	275 	550 	825 	1100 	1375 	1650 	1925 	2200 	2475 	2750 	275 	550 	825 	1100 	1375 	1650 	1925 	2200 	2475 	2750 	275 	550 	825 	1100 	1375 	1650 	1925 	2200 	2475 	2750 	275 	550 	825 	1100 	1375 	1650 	1925 	2200 	2475 	2750 	
		275 	550 	825 	1100 	1375 	1650 	1925 	2200 	2475 	2750 	275 	550 	825 	1100 	1375 	1650 	1925 	2200 	2475 	2750 	275 	550 	825 	1100 	1375 	1650 	1925 	2200 	2475 	2750 	275 	550 	825 	1100 	1375 	1650 	1925 	2200 	2475 	2750 	275 	550 	825 	1100 	1375 	1650 	1925 	2200 	2475 	2750 	
		275 	550 	825 	1100 	1375 	1650 	1925 	2200 	2475 	2750 	275 	550 	825 	1100 	1375 	1650 	1925 	2200 	2475 	2750 	275 	550 	825 	1100 	1375 	1650 	1925 	2200 	2475 	2750 	275 	550 	825 	1100 	1375 	1650 	1925 	2200 	2475 	2750 	275 	550 	825 	1100 	1375 	1650 	1925 	2200 	2475 	2750 	
		275 	550 	825 	1100 	1375 	1650 	1925 	2200 	2475 	2750 	275 	550 	825 	1100 	1375 	1650 	1925 	2200 	2475 	2750 	275 	550 	825 	1100 	1375 	1650 	1925 	2200 	2475 	2750 	275 	550 	825 	1100 	1375 	1650 	1925 	2200 	2475 	2750 	275 	550 	825 	1100 	1375 	1650 	1925 	2200 	2475 	2750 	
		275 	550 	825 	1100 	1375 	1650 	1925 	2200 	2475 	2750 	275 	550 	825 	1100 	1375 	1650 	1925 	2200 	2475 	2750 	275 	550 	825 	1100 	1375 	1650 	1925 	2200 	2475 	2750 	275 	550 	825 	1100 	1375 	1650 	1925 	2200 	2475 	2750 	275 	550 	825 	1100 	1375 	1650 	1925 	2200 	2475 	2750 	
		275 	550 	825 	1100 	1375 	1650 	1925 	2200 	2475 	2750 	275 	550 	825 	1100 	1375 	1650 	1925 	2200 	2475 	2750 	275 	550 	825 	1100 	1375 	1650 	1925 	2200 	2475 	2750 	275 	550 	825 	1100 	1375 	1650 	1925 	2200 	2475 	2750 	275 	550 	825 	1100 	1375 	1650 	1925 	2200 	2475 	2750 	
		275 	550 	825 	1100 	1375 	1650 	1925 	2200 	2475 	2750 	275 	550 	825 	1100 	1375 	1650 	1925 	2200 	2475 	2750 	275 	550 	825 	1100 	1375 	1650 	1925 	2200 	2475 	2750 	275 	550 	825 	1100 	1375 	1650 	1925 	2200 	2475 	2750 	275 	550 	825 	1100 	1375 	1650 	1925 	2200 	2475 	2750 	
		275 	550 	825 	1100 	1375 	1650 	1925 	2200 	2475 	2750 	275 	550 	825 	1100 	1375 	1650 	1925 	2200 	2475 	2750 	275 	550 	825 	1100 	1375 	1650 	1925 	2200 	2475 	2750 	275 	550 	825 	1100 	1375 	1650 	1925 	2200 	2475 	2750 	275 	550 	825 	1100 	1375 	1650 	1925 	2200 	2475 	2750 	
		275 	550 	825 	1100 	1375 	1650 	1925 	2200 	2475 	2750 	275 	550 	825 	1100 	1375 	1650 	1925 	2200 	2475 	2750 	275 	550 	825 	1100 	1375 	1650 	1925 	2200 	2475 	2750 	275 	550 	825 	1100 	1375 	1650 	1925 	2200 	2475 	2750 	275 	550 	825 	1100 	1375 	1650 	1925 	2200 	2475 	2750 	
		275 	550 	825 	1100 	1375 	1650 	1925 	2200 	2475 	2750 	275 	550 	825 	1100 	1375 	1650 	1925 	2200 	2475 	2750 	275 	550 	825 	1100 	1375 	1650 	1925 	2200 	2475 	2750 	275 	550 	825 	1100 	1375 	1650 	1925 	2200 	2475 	2750 	275 	550 	825 	1100 	1375 	1650 	1925 	2200 	2475 	2750 	
		275 	550 	825 	1100 	1375 	1650 	1925 	2200 	2475 	2750 	275 	550 	825 	1100 	1375 	1650 	1925 	2200 	2475 	2750 	275 	550 	825 	1100 	1375 	1650 	1925 	2200 	2475 	2750 	275 	550 	825 	1100 	1375 	1650 	1925 	2200 	2475 	2750 	275 	550 	825 	1100 	1375 	1650 	1925 	2200 	2475 	2750 	
		275 	550 	825 	1100 	1375 	1650 	1925 	2200 	2475 	2750 	275 	550 	825 	1100 	1375 	1650 	1925 	2200 	2475 	2750 	275 	550 	825 	1100 	1375 	1650 	1925 	2200 	2475 	2750 	275 	550 	825 	1100 	1375 	1650 	1925 	2200 	2475 	2750 	275 	550 	825 	1100 	1375 	1650 	1925 	2200 	2475 	2750 	
		275 	550 	825 	1100 	1375 	1650 	1925 	2200 	2475 	2750 	275 	550 	825 	1100 	1375 	1650 	1925 	2200 	2475 	2750 	275 	550 	825 	1100 	1375 	1650 	1925 	2200 	2475 	2750 	275 	550 	825 	1100 	1375 	1650 	1925 	2200 	2475 	2750 	275 	550 	825 	1100 	1375 	1650 	1925 	2200 	2475 	2750 	
		275 	550 	825 	1100 	1375 	1650 	1925 	2200 	2475 	2750 	275 	550 	825 	1100 	1375 	1650 	1925 	2200 	2475 	2750 	275 	550 	825 	1100 	1375 	1650 	1925 	2200 	2475 	2750 	275 	550 	825 	1100 	1375 	1650 	1925 	2200 	2475 	2750 	275 	550 	825 	1100 	1375 	1650 	1925 	2200 	2475 	2750 	
		275 	550 	825 	1100 	1375 	1650 	1925 	2200 	2475 	2750 	275 	550 	825 	1100 	1375 	1650 	1925 	2200 	2475 	2750 	275 	550 	825 	1100 	1375 	1650 	1925 	2200 	2475 	2750 	275 	550 	825 	1100 	1375 	1650 	1925 	2200 	2475 	2750 	275 	550 	825 	1100 	1375 	1650 	1925 	2200 	2475 	2750 	
		275 	550 	825 	1100 	1375 	1650 	1925 	2200 	2475 	2750 	275 	550 	825 	1100 	1375 	1650 	1925 	2200 	2475 	2750 	275 	550 	825 	1100 	1375 	1650 	1925 	2200 	2475 	2750 	275 	550 	825 	1100 	1375 	1650 	1925 	2200 	2475 	2750 	275 	550 	825 	1100 	1375 	1650 	1925 	2200 	2475 	2750 	
		275 	550 	825 	1100 	1375 	1650 	1925 	2200 	2475 	2750 	275 	550 	825 	1100 	1375 	1650 	1925 	2200 	2475 	2750 	275 	550 	825 	1100 	1375 	1650 	1925 	2200 	2475 	2750 	275 	550 	825 	1100 	1375 	1650 	1925 	2200 	2475 	2750 	275 	550 	825 	1100 	1375 	1650 	1925 	2200 	2475 	2750 	
		275 	550 	825 	1100 	1375 	1650 	1925 	2200 	2475 	2750 	275 	550 	825 	1100 	1375 	1650 	1925 	2200 	2475 	2750 	275 	550 	825 	1100 	1375 	1650 	1925 	2200 	2475 	2750 	275 	550 	825 	1100 	1375 	1650 	1925 	2200 	2475 	2750 	275 	550 	825 	1100 	1375 	1650 	1925 	2200 	2475 	2750 	
		275 	550 	825 	1100 	1375 	1650 	1925 	2200 	2475 	2750 	275 	550 	825 	1100 	1375 	1650 	1925 	2200 	2475 	2750 	275 	550 	825 	1100 	1375 	1650 	1925 	2200 	2475 	2750 	275 	550 	825 	1100 	1375 	1650 	1925 	2200 	2475 	2750 	275 	550 	825 	1100 	1375 	1650 	1925 	2200 	2475 	2750 	
		275 	550 	825 	1100 	1375 	1650 	1925 	2200 	2475 	2750 	275 	550 	825 	1100 	1375 	1650 	1925 	2200 	2475 	2750 	275 	550 	825 	1100 	1375 	1650 	1925 	2200 	2475 	2750 	275 	550 	825 	1100 	1375 	1650 	1925 	2200 	2475 	2750 	275 	550 	825 	1100 	1375 	1650 	1925 	2200 	2475 	2750 	
		275 	550 	825 	1100 	1375 	1650 	1925 	2200 	2475 	2750 	275 	550 	825 	1100 	1375 	1650 	1925 	2200 	2475 	2750 	275 	550 	825 	1100 	1375 	1650 	1925 	2200 	2475 	2750 	275 	550 	825 	1100 	1375 	1650 	1925 	2200 	2475 	2750 	275 	550 	825 	1100 	1375 	1650 	1925 	2200 	2475 	2750 	
		275 	550 	825 	1100 	1375 	1650 	1925 	2200 	2475 	2750 	275 	550 	825 	1100 	1375 	1650 	1925 	2200 	2475 	2750 	275 	550 	825 	1100 	1375 	1650 	1925 	2200 	2475 	2750 	275 	550 	825 	1100 	1375 	1650 	1925 	2200 	2475 	2750 	275 	550 	825 	1100 	1375 	1650 	1925 	2200 	2475 	2750 	
		275 	550 	825 	1100 	1375 	1650 	1925 	2200 	2475 	2750 	275 	550 	825 	1100 	1375 	1650 	1925 	2200 	2475 	2750 	275 	550 	825 	1100 	1375 	1650 	1925 	2200 	2475 	2750 	275 	550 	825 	1100 	1375 	1650 	1925 	2200 	2475 	2750 	275 	550 	825 	1100 	1375 	1650 	1925 	2200 	2475 	2750 	
		275 	550 	825 	1100 	1375 	1650 	1925 	2200 	2475 	2750 	275 	550 	825 	1100 	1375 	1650 	1925 	2200 	2475 	2750 	275 	550 	825 	1100 	1375 	1650 	1925 	2200 	2475 	2750 	275 	550 	825 	1100 	1375 	1650 	1925 	2200 	2475 	2750 	275 	550 	825 	1100 	1375 	1650 	1925 	2200 	2475 	2750 	
		275 	550 	825 	1100 	1375 	1650 	1925 	2200 	2475 	2750 	275 	550 	825 	1100 	1375 	1650 	1925 	2200 	2475 	2750 	275 	550 	825 	1100 	1375 	1650 	1925 	2200 	2475 	2750 	275 	550 	825 	1100 	1375 	1650 	1925 	2200 	2475 	2750 	275 	550 	825 	1100 	1375 	1650 	1925 	2200 	2475 	2750 	
		275 	550 	825 	1100 	1375 	1650 	1925 	2200 	2475 	2750 	275 	550 	825 	1100 	1375 	1650 	1925 	2200 	2475 	2750 	275 	550 	825 	1100 	1375 	1650 	1925 	2200 	2475 	2750 	275 	550 	825 	1100 	1375 	1650 	1925 	2200 	2475 	2750 	275 	550 	825 	1100 	1375 	1650 	1925 	2200 	2475 	2750 	
		275 	550 	825 	1100 	1375 	1650 	1925 	2200 	2475 	2750 	275 	550 	825 	1100 	1375 	1650 	1925 	2200 	2475 	2750 	275 	550 	825 	1100 	1375 	1650 	1925 	2200 	2475 	2750 	275 	550 	825 	1100 	1375 	1650 	1925 	2200 	2475 	2750 	275 	550 	825 	1100 	1375 	1650 	1925 	2200 	2475 	2750 	
		275 	550 	825 	1100 	1375 	1650 	1925 	2200 	2475 	2750 	275 	550 	825 	1100 	1375 	1650 	1925 	2200 	2475 	2750 	275 	550 	825 	1100 	1375 	1650 	1925 	2200 	2475 	2750 	275 	550 	825 	1100 	1375 	1650 	1925 	2200 	2475 	2750 	275 	550 	825 	1100 	1375 	1650 	1925 	2200 	2475 	2750 	
		275 	550 	825 	1100 	1375 	1650 	1925 	2200 	2475 	2750 	275 	550 	825 	1100 	1375 	1650 	1925 	2200 	2475 	2750 	275 	550 	825 	1100 	1375 	1650 	1925 	2200 	2475 	2750 	275 	550 	825 	1100 	1375 	1650 	1925 	2200 	2475 	2750 	275 	550 	825 	1100 	1375 	1650 	1925 	2200 	2475 	2750 	
		275 	550 	825 	1100 	1375 	1650 	1925 	2200 	2475 	2750 	275 	550 	825 	1100 	1375 	1650 	1925 	2200 	2475 	2750 	275 	550 	825 	1100 	1375 	1650 	1925 	2200 	2475 	2750 	275 	550 	825 	1100 	1375 	1650 	1925 	2200 	2475 	2750 	275 	550 	825 	1100 	1375 	1650 	1925 	2200 	2475 	2750 	
		275 	550 	825 	1100 	1375 	1650 	1925 	2200 	2475 	2750 	275 	550 	825 	1100 	1375 	1650 	1925 	2200 	2475 	2750 	275 	550 	825 	1100 	1375 	1650 	1925 	2200 	2475 	2750 	275 	550 	825 	1100 	1375 	1650 	1925 	2200 	2475 	2750 	275 	550 	825 	1100 	1375 	1650 	1925 	2200 	2475 	2750 	
		275 	550 	825 	1100 	1375 	1650 	1925 	2200 	2475 	2750 	275 	550 	825 	1100 	1375 	1650 	1925 	2200 	2475 	2750 	275 	550 	825 	1100 	1375 	1650 	1925 	2200 	2475 	2750 	275 	550 	825 	1100 	1375 	1650 	1925 	2200 	2475 	2750 	275 	550 	825 	1100 	1375 	1650 	1925 	2200 	2475 	2750 	
		275 	550 	825 	1100 	1375 	1650 	1925 	2200 	2475 	2750 	275 	550 	825 	1100 	1375 	1650 	1925 	2200 	2475 	2750 	275 	550 	825 	1100 	1375 	1650 	1925 	2200 	2475 	2750 	275 	550 	825 	1100 	1375 	1650 	1925 	2200 	2475 	2750 	275 	550 	825 	1100 	1375 	1650 	1925 	2200 	2475 	2750 	
		275 	550 	825 	1100 	1375 	1650 	1925 	2200 	2475 	2750 	275 	550 	825 	1100 	1375 	1650 	1925 	2200 	2475 	2750 	275 	550 	825 	1100 	1375 	1650 	1925 	2200 	2475 	2750 	275 	550 	825 	1100 	1375 	1650 	1925 	2200 	2475 	2750 	275 	550 	825 	1100 	1375 	1650 	1925 	2200 	2475 	2750 	
		275 	550 	825 	1100 	1375 	1650 	1925 	2200 	2475 	2750 	275 	550 	825 	1100 	1375 	1650 	1925 	2200 	2475 	2750 	275 	550 	825 	1100 	1375 	1650 	1925 	2200 	2475 	2750 	275 	550 	825 	1100 	1375 	1650 	1925 	2200 	2475 	2750 	275 	550 	825 	1100 	1375 	1650 	1925 	2200 	2475 	2750 	
		275 	550 	825 	1100 	1375 	1650 	1925 	2200 	2475 	2750 	275 	550 	825 	1100 	1375 	1650 	1925 	2200 	2475 	2750 	275 	550 	825 	1100 	1375 	1650 	1925 	2200 	2475 	2750 	275 	550 	825 	1100 	1375 	1650 	1925 	2200 	2475 	2750 	275 	550 	825 	1100 	1375 	1650 	1925 	2200 	2475 	2750 	
		275 	550 	825 	1100 	1375 	1650 	1925 	2200 	2475 	2750 	275 	550 	825 	1100 	1375 	1650 	1925 	2200 	2475 	2750 	275 	550 	825 	1100 	1375 	1650 	1925 	2200 	2475 	2750 	275 	550 	825 	1100 	1375 	1650 	1925 	2200 	2475 	2750 	275 	550 	825 	1100 	1375 	1650 	1925 	2200 	2475 	2750 	
		275 	550 	825 	1100 	1375 	1650 	1925 	2200 	2475 	2750 	275 	550 	825 	1100 	1375 	1650 	1925 	2200 	2475 	2750 	275 	550 	825 	1100 	1375 	1650 	1925 	2200 	2475 	2750 	275 	550 	825 	1100 	1375 	1650 	1925 	2200 	2475 	2750 	275 	550 	825 	1100 	1375 	1650 	1925 	2200 	2475 	2750 	
		275 	550 	825 	1100 	1375 	1650 	1925 	2200 	2475 	2750 	275 	550 	825 	1100 	1375 	1650 	1925 	2200 	2475 	2750 	275 	550 	825 	1100 	1375 	1650 	1925 	2200 	2475 	2750 	275 	550 	825 	1100 	1375 	1650 	1925 	2200 	2475 	2750 	275 	550 	825 	1100 	1375 	1650 	1925 	2200 	2475 	2750 	
		275 	550 	825 	1100 	1375 	1650 	1925 	2200 	2475 	2750 	275 	550 	825 	1100 	1375 	1650 	1925 	2200 	2475 	2750 	275 	550 	825 	1100 	1375 	1650 	1925 	2200 	2475 	2750 	275 	550 	825 	1100 	1375 	1650 	1925 	2200 	2475 	2750 	275 	550 	825 	1100 	1375 	1650 	1925 	2200 	2475 	2750 	
		275 	550 	825 	1100 	1375 	1650 	1925 	2200 	2475 	2750 	275 	550 	825 	1100 	1375 	1650 	1925 	2200 	2475 	2750 	275 	550 	825 	1100 	1375 	1650 	1925 	2200 	2475 	2750 	275 	550 	825 	1100 	1375 	1650 	1925 	2200 	2475 	2750 	275 	550 	825 	1100 	1375 	1650 	1925 	2200 	2475 	2750 	
		275 	550 	825 	1100 	1375 	1650 	1925 	2200 	2475 	2750 	275 	550 	825 	1100 	1375 	1650 	1925 	2200 	2475 	2750 	275 	550 	825 	1100 	1375 	1650 	1925 	2200 	2475 	2750 	275 	550 	825 	1100 	1375 	1650 	1925 	2200 	2475 	2750 	275 	550 	825 	1100 	1375 	1650 	1925 	2200 	2475 	2750 	
		275 	550 	825 	1100 	1375 	1650 	1925 	2200 	2475 	2750 	275 	550 	825 	1100 	1375 	1650 	1925 	2200 	2475 	2750 	275 	550 	825 	1100 	1375 	1650 	1925 	2200 	2475 	2750 	275 	550 	825 	1100 	1375 	1650 	1925 	2200 	2475 	2750 	275 	550 	825 	1100 	1375 	1650 	1925 	2200 	2475 	2750 	
		275 	550 	825 	1100 	1375 	1650 	1925 	2200 	2475 	2750 	275 	550 	825 	1100 	1375 	1650 	1925 	2200 	2475 	2750 	275 	550 	825 	1100 	1375 	1650 	1925 	2200 	2475 	2750 	275 	550 	825 	1100 	1375 	1650 	1925 	2200 	2475 	2750 	275 	550 	825 	1100 	1375 	1650 	1925 	2200 	2475 	2750 	
		
# 		Matrix |allC| calculated in [0.009120] seconds and has infinity norm of [75625.0] ... 

# INITIALIZE :	<50> x <50> matrix |allC| for Straight-forward IJK manual computation ... 
		0 	0 	0 	0 	0 	0 	0 	0 	0 	0 	0 	0 	0 	0 	0 	0 	0 	0 	0 	0 	0 	0 	0 	0 	0 	0 	0 	0 	0 	0 	0 	0 	0 	0 	0 	0 	0 	0 	0 	0 	0 	0 	0 	0 	0 	0 	0 	0 	0 	0 	
		0 	0 	0 	0 	0 	0 	0 	0 	0 	0 	0 	0 	0 	0 	0 	0 	0 	0 	0 	0 	0 	0 	0 	0 	0 	0 	0 	0 	0 	0 	0 	0 	0 	0 	0 	0 	0 	0 	0 	0 	0 	0 	0 	0 	0 	0 	0 	0 	0 	0 	
		0 	0 	0 	0 	0 	0 	0 	0 	0 	0 	0 	0 	0 	0 	0 	0 	0 	0 	0 	0 	0 	0 	0 	0 	0 	0 	0 	0 	0 	0 	0 	0 	0 	0 	0 	0 	0 	0 	0 	0 	0 	0 	0 	0 	0 	0 	0 	0 	0 	0 	
		0 	0 	0 	0 	0 	0 	0 	0 	0 	0 	0 	0 	0 	0 	0 	0 	0 	0 	0 	0 	0 	0 	0 	0 	0 	0 	0 	0 	0 	0 	0 	0 	0 	0 	0 	0 	0 	0 	0 	0 	0 	0 	0 	0 	0 	0 	0 	0 	0 	0 	
		0 	0 	0 	0 	0 	0 	0 	0 	0 	0 	0 	0 	0 	0 	0 	0 	0 	0 	0 	0 	0 	0 	0 	0 	0 	0 	0 	0 	0 	0 	0 	0 	0 	0 	0 	0 	0 	0 	0 	0 	0 	0 	0 	0 	0 	0 	0 	0 	0 	0 	
		0 	0 	0 	0 	0 	0 	0 	0 	0 	0 	0 	0 	0 	0 	0 	0 	0 	0 	0 	0 	0 	0 	0 	0 	0 	0 	0 	0 	0 	0 	0 	0 	0 	0 	0 	0 	0 	0 	0 	0 	0 	0 	0 	0 	0 	0 	0 	0 	0 	0 	
		0 	0 	0 	0 	0 	0 	0 	0 	0 	0 	0 	0 	0 	0 	0 	0 	0 	0 	0 	0 	0 	0 	0 	0 	0 	0 	0 	0 	0 	0 	0 	0 	0 	0 	0 	0 	0 	0 	0 	0 	0 	0 	0 	0 	0 	0 	0 	0 	0 	0 	
		0 	0 	0 	0 	0 	0 	0 	0 	0 	0 	0 	0 	0 	0 	0 	0 	0 	0 	0 	0 	0 	0 	0 	0 	0 	0 	0 	0 	0 	0 	0 	0 	0 	0 	0 	0 	0 	0 	0 	0 	0 	0 	0 	0 	0 	0 	0 	0 	0 	0 	
		0 	0 	0 	0 	0 	0 	0 	0 	0 	0 	0 	0 	0 	0 	0 	0 	0 	0 	0 	0 	0 	0 	0 	0 	0 	0 	0 	0 	0 	0 	0 	0 	0 	0 	0 	0 	0 	0 	0 	0 	0 	0 	0 	0 	0 	0 	0 	0 	0 	0 	
		0 	0 	0 	0 	0 	0 	0 	0 	0 	0 	0 	0 	0 	0 	0 	0 	0 	0 	0 	0 	0 	0 	0 	0 	0 	0 	0 	0 	0 	0 	0 	0 	0 	0 	0 	0 	0 	0 	0 	0 	0 	0 	0 	0 	0 	0 	0 	0 	0 	0 	
		0 	0 	0 	0 	0 	0 	0 	0 	0 	0 	0 	0 	0 	0 	0 	0 	0 	0 	0 	0 	0 	0 	0 	0 	0 	0 	0 	0 	0 	0 	0 	0 	0 	0 	0 	0 	0 	0 	0 	0 	0 	0 	0 	0 	0 	0 	0 	0 	0 	0 	
		0 	0 	0 	0 	0 	0 	0 	0 	0 	0 	0 	0 	0 	0 	0 	0 	0 	0 	0 	0 	0 	0 	0 	0 	0 	0 	0 	0 	0 	0 	0 	0 	0 	0 	0 	0 	0 	0 	0 	0 	0 	0 	0 	0 	0 	0 	0 	0 	0 	0 	
		0 	0 	0 	0 	0 	0 	0 	0 	0 	0 	0 	0 	0 	0 	0 	0 	0 	0 	0 	0 	0 	0 	0 	0 	0 	0 	0 	0 	0 	0 	0 	0 	0 	0 	0 	0 	0 	0 	0 	0 	0 	0 	0 	0 	0 	0 	0 	0 	0 	0 	
		0 	0 	0 	0 	0 	0 	0 	0 	0 	0 	0 	0 	0 	0 	0 	0 	0 	0 	0 	0 	0 	0 	0 	0 	0 	0 	0 	0 	0 	0 	0 	0 	0 	0 	0 	0 	0 	0 	0 	0 	0 	0 	0 	0 	0 	0 	0 	0 	0 	0 	
		0 	0 	0 	0 	0 	0 	0 	0 	0 	0 	0 	0 	0 	0 	0 	0 	0 	0 	0 	0 	0 	0 	0 	0 	0 	0 	0 	0 	0 	0 	0 	0 	0 	0 	0 	0 	0 	0 	0 	0 	0 	0 	0 	0 	0 	0 	0 	0 	0 	0 	
		0 	0 	0 	0 	0 	0 	0 	0 	0 	0 	0 	0 	0 	0 	0 	0 	0 	0 	0 	0 	0 	0 	0 	0 	0 	0 	0 	0 	0 	0 	0 	0 	0 	0 	0 	0 	0 	0 	0 	0 	0 	0 	0 	0 	0 	0 	0 	0 	0 	0 	
		0 	0 	0 	0 	0 	0 	0 	0 	0 	0 	0 	0 	0 	0 	0 	0 	0 	0 	0 	0 	0 	0 	0 	0 	0 	0 	0 	0 	0 	0 	0 	0 	0 	0 	0 	0 	0 	0 	0 	0 	0 	0 	0 	0 	0 	0 	0 	0 	0 	0 	
		0 	0 	0 	0 	0 	0 	0 	0 	0 	0 	0 	0 	0 	0 	0 	0 	0 	0 	0 	0 	0 	0 	0 	0 	0 	0 	0 	0 	0 	0 	0 	0 	0 	0 	0 	0 	0 	0 	0 	0 	0 	0 	0 	0 	0 	0 	0 	0 	0 	0 	
		0 	0 	0 	0 	0 	0 	0 	0 	0 	0 	0 	0 	0 	0 	0 	0 	0 	0 	0 	0 	0 	0 	0 	0 	0 	0 	0 	0 	0 	0 	0 	0 	0 	0 	0 	0 	0 	0 	0 	0 	0 	0 	0 	0 	0 	0 	0 	0 	0 	0 	
		0 	0 	0 	0 	0 	0 	0 	0 	0 	0 	0 	0 	0 	0 	0 	0 	0 	0 	0 	0 	0 	0 	0 	0 	0 	0 	0 	0 	0 	0 	0 	0 	0 	0 	0 	0 	0 	0 	0 	0 	0 	0 	0 	0 	0 	0 	0 	0 	0 	0 	
		0 	0 	0 	0 	0 	0 	0 	0 	0 	0 	0 	0 	0 	0 	0 	0 	0 	0 	0 	0 	0 	0 	0 	0 	0 	0 	0 	0 	0 	0 	0 	0 	0 	0 	0 	0 	0 	0 	0 	0 	0 	0 	0 	0 	0 	0 	0 	0 	0 	0 	
		0 	0 	0 	0 	0 	0 	0 	0 	0 	0 	0 	0 	0 	0 	0 	0 	0 	0 	0 	0 	0 	0 	0 	0 	0 	0 	0 	0 	0 	0 	0 	0 	0 	0 	0 	0 	0 	0 	0 	0 	0 	0 	0 	0 	0 	0 	0 	0 	0 	0 	
		0 	0 	0 	0 	0 	0 	0 	0 	0 	0 	0 	0 	0 	0 	0 	0 	0 	0 	0 	0 	0 	0 	0 	0 	0 	0 	0 	0 	0 	0 	0 	0 	0 	0 	0 	0 	0 	0 	0 	0 	0 	0 	0 	0 	0 	0 	0 	0 	0 	0 	
		0 	0 	0 	0 	0 	0 	0 	0 	0 	0 	0 	0 	0 	0 	0 	0 	0 	0 	0 	0 	0 	0 	0 	0 	0 	0 	0 	0 	0 	0 	0 	0 	0 	0 	0 	0 	0 	0 	0 	0 	0 	0 	0 	0 	0 	0 	0 	0 	0 	0 	
		0 	0 	0 	0 	0 	0 	0 	0 	0 	0 	0 	0 	0 	0 	0 	0 	0 	0 	0 	0 	0 	0 	0 	0 	0 	0 	0 	0 	0 	0 	0 	0 	0 	0 	0 	0 	0 	0 	0 	0 	0 	0 	0 	0 	0 	0 	0 	0 	0 	0 	
		0 	0 	0 	0 	0 	0 	0 	0 	0 	0 	0 	0 	0 	0 	0 	0 	0 	0 	0 	0 	0 	0 	0 	0 	0 	0 	0 	0 	0 	0 	0 	0 	0 	0 	0 	0 	0 	0 	0 	0 	0 	0 	0 	0 	0 	0 	0 	0 	0 	0 	
		0 	0 	0 	0 	0 	0 	0 	0 	0 	0 	0 	0 	0 	0 	0 	0 	0 	0 	0 	0 	0 	0 	0 	0 	0 	0 	0 	0 	0 	0 	0 	0 	0 	0 	0 	0 	0 	0 	0 	0 	0 	0 	0 	0 	0 	0 	0 	0 	0 	0 	
		0 	0 	0 	0 	0 	0 	0 	0 	0 	0 	0 	0 	0 	0 	0 	0 	0 	0 	0 	0 	0 	0 	0 	0 	0 	0 	0 	0 	0 	0 	0 	0 	0 	0 	0 	0 	0 	0 	0 	0 	0 	0 	0 	0 	0 	0 	0 	0 	0 	0 	
		0 	0 	0 	0 	0 	0 	0 	0 	0 	0 	0 	0 	0 	0 	0 	0 	0 	0 	0 	0 	0 	0 	0 	0 	0 	0 	0 	0 	0 	0 	0 	0 	0 	0 	0 	0 	0 	0 	0 	0 	0 	0 	0 	0 	0 	0 	0 	0 	0 	0 	
		0 	0 	0 	0 	0 	0 	0 	0 	0 	0 	0 	0 	0 	0 	0 	0 	0 	0 	0 	0 	0 	0 	0 	0 	0 	0 	0 	0 	0 	0 	0 	0 	0 	0 	0 	0 	0 	0 	0 	0 	0 	0 	0 	0 	0 	0 	0 	0 	0 	0 	
		0 	0 	0 	0 	0 	0 	0 	0 	0 	0 	0 	0 	0 	0 	0 	0 	0 	0 	0 	0 	0 	0 	0 	0 	0 	0 	0 	0 	0 	0 	0 	0 	0 	0 	0 	0 	0 	0 	0 	0 	0 	0 	0 	0 	0 	0 	0 	0 	0 	0 	
		0 	0 	0 	0 	0 	0 	0 	0 	0 	0 	0 	0 	0 	0 	0 	0 	0 	0 	0 	0 	0 	0 	0 	0 	0 	0 	0 	0 	0 	0 	0 	0 	0 	0 	0 	0 	0 	0 	0 	0 	0 	0 	0 	0 	0 	0 	0 	0 	0 	0 	
		0 	0 	0 	0 	0 	0 	0 	0 	0 	0 	0 	0 	0 	0 	0 	0 	0 	0 	0 	0 	0 	0 	0 	0 	0 	0 	0 	0 	0 	0 	0 	0 	0 	0 	0 	0 	0 	0 	0 	0 	0 	0 	0 	0 	0 	0 	0 	0 	0 	0 	
		0 	0 	0 	0 	0 	0 	0 	0 	0 	0 	0 	0 	0 	0 	0 	0 	0 	0 	0 	0 	0 	0 	0 	0 	0 	0 	0 	0 	0 	0 	0 	0 	0 	0 	0 	0 	0 	0 	0 	0 	0 	0 	0 	0 	0 	0 	0 	0 	0 	0 	
		0 	0 	0 	0 	0 	0 	0 	0 	0 	0 	0 	0 	0 	0 	0 	0 	0 	0 	0 	0 	0 	0 	0 	0 	0 	0 	0 	0 	0 	0 	0 	0 	0 	0 	0 	0 	0 	0 	0 	0 	0 	0 	0 	0 	0 	0 	0 	0 	0 	0 	
		0 	0 	0 	0 	0 	0 	0 	0 	0 	0 	0 	0 	0 	0 	0 	0 	0 	0 	0 	0 	0 	0 	0 	0 	0 	0 	0 	0 	0 	0 	0 	0 	0 	0 	0 	0 	0 	0 	0 	0 	0 	0 	0 	0 	0 	0 	0 	0 	0 	0 	
		0 	0 	0 	0 	0 	0 	0 	0 	0 	0 	0 	0 	0 	0 	0 	0 	0 	0 	0 	0 	0 	0 	0 	0 	0 	0 	0 	0 	0 	0 	0 	0 	0 	0 	0 	0 	0 	0 	0 	0 	0 	0 	0 	0 	0 	0 	0 	0 	0 	0 	
		0 	0 	0 	0 	0 	0 	0 	0 	0 	0 	0 	0 	0 	0 	0 	0 	0 	0 	0 	0 	0 	0 	0 	0 	0 	0 	0 	0 	0 	0 	0 	0 	0 	0 	0 	0 	0 	0 	0 	0 	0 	0 	0 	0 	0 	0 	0 	0 	0 	0 	
		0 	0 	0 	0 	0 	0 	0 	0 	0 	0 	0 	0 	0 	0 	0 	0 	0 	0 	0 	0 	0 	0 	0 	0 	0 	0 	0 	0 	0 	0 	0 	0 	0 	0 	0 	0 	0 	0 	0 	0 	0 	0 	0 	0 	0 	0 	0 	0 	0 	0 	
		0 	0 	0 	0 	0 	0 	0 	0 	0 	0 	0 	0 	0 	0 	0 	0 	0 	0 	0 	0 	0 	0 	0 	0 	0 	0 	0 	0 	0 	0 	0 	0 	0 	0 	0 	0 	0 	0 	0 	0 	0 	0 	0 	0 	0 	0 	0 	0 	0 	0 	
		0 	0 	0 	0 	0 	0 	0 	0 	0 	0 	0 	0 	0 	0 	0 	0 	0 	0 	0 	0 	0 	0 	0 	0 	0 	0 	0 	0 	0 	0 	0 	0 	0 	0 	0 	0 	0 	0 	0 	0 	0 	0 	0 	0 	0 	0 	0 	0 	0 	0 	
		0 	0 	0 	0 	0 	0 	0 	0 	0 	0 	0 	0 	0 	0 	0 	0 	0 	0 	0 	0 	0 	0 	0 	0 	0 	0 	0 	0 	0 	0 	0 	0 	0 	0 	0 	0 	0 	0 	0 	0 	0 	0 	0 	0 	0 	0 	0 	0 	0 	0 	
		0 	0 	0 	0 	0 	0 	0 	0 	0 	0 	0 	0 	0 	0 	0 	0 	0 	0 	0 	0 	0 	0 	0 	0 	0 	0 	0 	0 	0 	0 	0 	0 	0 	0 	0 	0 	0 	0 	0 	0 	0 	0 	0 	0 	0 	0 	0 	0 	0 	0 	
		0 	0 	0 	0 	0 	0 	0 	0 	0 	0 	0 	0 	0 	0 	0 	0 	0 	0 	0 	0 	0 	0 	0 	0 	0 	0 	0 	0 	0 	0 	0 	0 	0 	0 	0 	0 	0 	0 	0 	0 	0 	0 	0 	0 	0 	0 	0 	0 	0 	0 	
		0 	0 	0 	0 	0 	0 	0 	0 	0 	0 	0 	0 	0 	0 	0 	0 	0 	0 	0 	0 	0 	0 	0 	0 	0 	0 	0 	0 	0 	0 	0 	0 	0 	0 	0 	0 	0 	0 	0 	0 	0 	0 	0 	0 	0 	0 	0 	0 	0 	0 	
		0 	0 	0 	0 	0 	0 	0 	0 	0 	0 	0 	0 	0 	0 	0 	0 	0 	0 	0 	0 	0 	0 	0 	0 	0 	0 	0 	0 	0 	0 	0 	0 	0 	0 	0 	0 	0 	0 	0 	0 	0 	0 	0 	0 	0 	0 	0 	0 	0 	0 	
		0 	0 	0 	0 	0 	0 	0 	0 	0 	0 	0 	0 	0 	0 	0 	0 	0 	0 	0 	0 	0 	0 	0 	0 	0 	0 	0 	0 	0 	0 	0 	0 	0 	0 	0 	0 	0 	0 	0 	0 	0 	0 	0 	0 	0 	0 	0 	0 	0 	0 	
		0 	0 	0 	0 	0 	0 	0 	0 	0 	0 	0 	0 	0 	0 	0 	0 	0 	0 	0 	0 	0 	0 	0 	0 	0 	0 	0 	0 	0 	0 	0 	0 	0 	0 	0 	0 	0 	0 	0 	0 	0 	0 	0 	0 	0 	0 	0 	0 	0 	0 	
		0 	0 	0 	0 	0 	0 	0 	0 	0 	0 	0 	0 	0 	0 	0 	0 	0 	0 	0 	0 	0 	0 	0 	0 	0 	0 	0 	0 	0 	0 	0 	0 	0 	0 	0 	0 	0 	0 	0 	0 	0 	0 	0 	0 	0 	0 	0 	0 	0 	0 	
		0 	0 	0 	0 	0 	0 	0 	0 	0 	0 	0 	0 	0 	0 	0 	0 	0 	0 	0 	0 	0 	0 	0 	0 	0 	0 	0 	0 	0 	0 	0 	0 	0 	0 	0 	0 	0 	0 	0 	0 	0 	0 	0 	0 	0 	0 	0 	0 	0 	0 	
		
# RESULTS : 	Straight-forward IJK computation ...
# 		Computed Matrix [50] x [50] |allC| ... 
		275 	550 	825 	1100 	1375 	1650 	1925 	2200 	2475 	2750 	275 	550 	825 	1100 	1375 	1650 	1925 	2200 	2475 	2750 	275 	550 	825 	1100 	1375 	1650 	1925 	2200 	2475 	2750 	275 	550 	825 	1100 	1375 	1650 	1925 	2200 	2475 	2750 	275 	550 	825 	1100 	1375 	1650 	1925 	2200 	2475 	2750 	
		275 	550 	825 	1100 	1375 	1650 	1925 	2200 	2475 	2750 	275 	550 	825 	1100 	1375 	1650 	1925 	2200 	2475 	2750 	275 	550 	825 	1100 	1375 	1650 	1925 	2200 	2475 	2750 	275 	550 	825 	1100 	1375 	1650 	1925 	2200 	2475 	2750 	275 	550 	825 	1100 	1375 	1650 	1925 	2200 	2475 	2750 	
		275 	550 	825 	1100 	1375 	1650 	1925 	2200 	2475 	2750 	275 	550 	825 	1100 	1375 	1650 	1925 	2200 	2475 	2750 	275 	550 	825 	1100 	1375 	1650 	1925 	2200 	2475 	2750 	275 	550 	825 	1100 	1375 	1650 	1925 	2200 	2475 	2750 	275 	550 	825 	1100 	1375 	1650 	1925 	2200 	2475 	2750 	
		275 	550 	825 	1100 	1375 	1650 	1925 	2200 	2475 	2750 	275 	550 	825 	1100 	1375 	1650 	1925 	2200 	2475 	2750 	275 	550 	825 	1100 	1375 	1650 	1925 	2200 	2475 	2750 	275 	550 	825 	1100 	1375 	1650 	1925 	2200 	2475 	2750 	275 	550 	825 	1100 	1375 	1650 	1925 	2200 	2475 	2750 	
		275 	550 	825 	1100 	1375 	1650 	1925 	2200 	2475 	2750 	275 	550 	825 	1100 	1375 	1650 	1925 	2200 	2475 	2750 	275 	550 	825 	1100 	1375 	1650 	1925 	2200 	2475 	2750 	275 	550 	825 	1100 	1375 	1650 	1925 	2200 	2475 	2750 	275 	550 	825 	1100 	1375 	1650 	1925 	2200 	2475 	2750 	
		275 	550 	825 	1100 	1375 	1650 	1925 	2200 	2475 	2750 	275 	550 	825 	1100 	1375 	1650 	1925 	2200 	2475 	2750 	275 	550 	825 	1100 	1375 	1650 	1925 	2200 	2475 	2750 	275 	550 	825 	1100 	1375 	1650 	1925 	2200 	2475 	2750 	275 	550 	825 	1100 	1375 	1650 	1925 	2200 	2475 	2750 	
		275 	550 	825 	1100 	1375 	1650 	1925 	2200 	2475 	2750 	275 	550 	825 	1100 	1375 	1650 	1925 	2200 	2475 	2750 	275 	550 	825 	1100 	1375 	1650 	1925 	2200 	2475 	2750 	275 	550 	825 	1100 	1375 	1650 	1925 	2200 	2475 	2750 	275 	550 	825 	1100 	1375 	1650 	1925 	2200 	2475 	2750 	
		275 	550 	825 	1100 	1375 	1650 	1925 	2200 	2475 	2750 	275 	550 	825 	1100 	1375 	1650 	1925 	2200 	2475 	2750 	275 	550 	825 	1100 	1375 	1650 	1925 	2200 	2475 	2750 	275 	550 	825 	1100 	1375 	1650 	1925 	2200 	2475 	2750 	275 	550 	825 	1100 	1375 	1650 	1925 	2200 	2475 	2750 	
		275 	550 	825 	1100 	1375 	1650 	1925 	2200 	2475 	2750 	275 	550 	825 	1100 	1375 	1650 	1925 	2200 	2475 	2750 	275 	550 	825 	1100 	1375 	1650 	1925 	2200 	2475 	2750 	275 	550 	825 	1100 	1375 	1650 	1925 	2200 	2475 	2750 	275 	550 	825 	1100 	1375 	1650 	1925 	2200 	2475 	2750 	
		275 	550 	825 	1100 	1375 	1650 	1925 	2200 	2475 	2750 	275 	550 	825 	1100 	1375 	1650 	1925 	2200 	2475 	2750 	275 	550 	825 	1100 	1375 	1650 	1925 	2200 	2475 	2750 	275 	550 	825 	1100 	1375 	1650 	1925 	2200 	2475 	2750 	275 	550 	825 	1100 	1375 	1650 	1925 	2200 	2475 	2750 	
		275 	550 	825 	1100 	1375 	1650 	1925 	2200 	2475 	2750 	275 	550 	825 	1100 	1375 	1650 	1925 	2200 	2475 	2750 	275 	550 	825 	1100 	1375 	1650 	1925 	2200 	2475 	2750 	275 	550 	825 	1100 	1375 	1650 	1925 	2200 	2475 	2750 	275 	550 	825 	1100 	1375 	1650 	1925 	2200 	2475 	2750 	
		275 	550 	825 	1100 	1375 	1650 	1925 	2200 	2475 	2750 	275 	550 	825 	1100 	1375 	1650 	1925 	2200 	2475 	2750 	275 	550 	825 	1100 	1375 	1650 	1925 	2200 	2475 	2750 	275 	550 	825 	1100 	1375 	1650 	1925 	2200 	2475 	2750 	275 	550 	825 	1100 	1375 	1650 	1925 	2200 	2475 	2750 	
		275 	550 	825 	1100 	1375 	1650 	1925 	2200 	2475 	2750 	275 	550 	825 	1100 	1375 	1650 	1925 	2200 	2475 	2750 	275 	550 	825 	1100 	1375 	1650 	1925 	2200 	2475 	2750 	275 	550 	825 	1100 	1375 	1650 	1925 	2200 	2475 	2750 	275 	550 	825 	1100 	1375 	1650 	1925 	2200 	2475 	2750 	
		275 	550 	825 	1100 	1375 	1650 	1925 	2200 	2475 	2750 	275 	550 	825 	1100 	1375 	1650 	1925 	2200 	2475 	2750 	275 	550 	825 	1100 	1375 	1650 	1925 	2200 	2475 	2750 	275 	550 	825 	1100 	1375 	1650 	1925 	2200 	2475 	2750 	275 	550 	825 	1100 	1375 	1650 	1925 	2200 	2475 	2750 	
		275 	550 	825 	1100 	1375 	1650 	1925 	2200 	2475 	2750 	275 	550 	825 	1100 	1375 	1650 	1925 	2200 	2475 	2750 	275 	550 	825 	1100 	1375 	1650 	1925 	2200 	2475 	2750 	275 	550 	825 	1100 	1375 	1650 	1925 	2200 	2475 	2750 	275 	550 	825 	1100 	1375 	1650 	1925 	2200 	2475 	2750 	
		275 	550 	825 	1100 	1375 	1650 	1925 	2200 	2475 	2750 	275 	550 	825 	1100 	1375 	1650 	1925 	2200 	2475 	2750 	275 	550 	825 	1100 	1375 	1650 	1925 	2200 	2475 	2750 	275 	550 	825 	1100 	1375 	1650 	1925 	2200 	2475 	2750 	275 	550 	825 	1100 	1375 	1650 	1925 	2200 	2475 	2750 	
		275 	550 	825 	1100 	1375 	1650 	1925 	2200 	2475 	2750 	275 	550 	825 	1100 	1375 	1650 	1925 	2200 	2475 	2750 	275 	550 	825 	1100 	1375 	1650 	1925 	2200 	2475 	2750 	275 	550 	825 	1100 	1375 	1650 	1925 	2200 	2475 	2750 	275 	550 	825 	1100 	1375 	1650 	1925 	2200 	2475 	2750 	
		275 	550 	825 	1100 	1375 	1650 	1925 	2200 	2475 	2750 	275 	550 	825 	1100 	1375 	1650 	1925 	2200 	2475 	2750 	275 	550 	825 	1100 	1375 	1650 	1925 	2200 	2475 	2750 	275 	550 	825 	1100 	1375 	1650 	1925 	2200 	2475 	2750 	275 	550 	825 	1100 	1375 	1650 	1925 	2200 	2475 	2750 	
		275 	550 	825 	1100 	1375 	1650 	1925 	2200 	2475 	2750 	275 	550 	825 	1100 	1375 	1650 	1925 	2200 	2475 	2750 	275 	550 	825 	1100 	1375 	1650 	1925 	2200 	2475 	2750 	275 	550 	825 	1100 	1375 	1650 	1925 	2200 	2475 	2750 	275 	550 	825 	1100 	1375 	1650 	1925 	2200 	2475 	2750 	
		275 	550 	825 	1100 	1375 	1650 	1925 	2200 	2475 	2750 	275 	550 	825 	1100 	1375 	1650 	1925 	2200 	2475 	2750 	275 	550 	825 	1100 	1375 	1650 	1925 	2200 	2475 	2750 	275 	550 	825 	1100 	1375 	1650 	1925 	2200 	2475 	2750 	275 	550 	825 	1100 	1375 	1650 	1925 	2200 	2475 	2750 	
		275 	550 	825 	1100 	1375 	1650 	1925 	2200 	2475 	2750 	275 	550 	825 	1100 	1375 	1650 	1925 	2200 	2475 	2750 	275 	550 	825 	1100 	1375 	1650 	1925 	2200 	2475 	2750 	275 	550 	825 	1100 	1375 	1650 	1925 	2200 	2475 	2750 	275 	550 	825 	1100 	1375 	1650 	1925 	2200 	2475 	2750 	
		275 	550 	825 	1100 	1375 	1650 	1925 	2200 	2475 	2750 	275 	550 	825 	1100 	1375 	1650 	1925 	2200 	2475 	2750 	275 	550 	825 	1100 	1375 	1650 	1925 	2200 	2475 	2750 	275 	550 	825 	1100 	1375 	1650 	1925 	2200 	2475 	2750 	275 	550 	825 	1100 	1375 	1650 	1925 	2200 	2475 	2750 	
		275 	550 	825 	1100 	1375 	1650 	1925 	2200 	2475 	2750 	275 	550 	825 	1100 	1375 	1650 	1925 	2200 	2475 	2750 	275 	550 	825 	1100 	1375 	1650 	1925 	2200 	2475 	2750 	275 	550 	825 	1100 	1375 	1650 	1925 	2200 	2475 	2750 	275 	550 	825 	1100 	1375 	1650 	1925 	2200 	2475 	2750 	
		275 	550 	825 	1100 	1375 	1650 	1925 	2200 	2475 	2750 	275 	550 	825 	1100 	1375 	1650 	1925 	2200 	2475 	2750 	275 	550 	825 	1100 	1375 	1650 	1925 	2200 	2475 	2750 	275 	550 	825 	1100 	1375 	1650 	1925 	2200 	2475 	2750 	275 	550 	825 	1100 	1375 	1650 	1925 	2200 	2475 	2750 	
		275 	550 	825 	1100 	1375 	1650 	1925 	2200 	2475 	2750 	275 	550 	825 	1100 	1375 	1650 	1925 	2200 	2475 	2750 	275 	550 	825 	1100 	1375 	1650 	1925 	2200 	2475 	2750 	275 	550 	825 	1100 	1375 	1650 	1925 	2200 	2475 	2750 	275 	550 	825 	1100 	1375 	1650 	1925 	2200 	2475 	2750 	
		275 	550 	825 	1100 	1375 	1650 	1925 	2200 	2475 	2750 	275 	550 	825 	1100 	1375 	1650 	1925 	2200 	2475 	2750 	275 	550 	825 	1100 	1375 	1650 	1925 	2200 	2475 	2750 	275 	550 	825 	1100 	1375 	1650 	1925 	2200 	2475 	2750 	275 	550 	825 	1100 	1375 	1650 	1925 	2200 	2475 	2750 	
		275 	550 	825 	1100 	1375 	1650 	1925 	2200 	2475 	2750 	275 	550 	825 	1100 	1375 	1650 	1925 	2200 	2475 	2750 	275 	550 	825 	1100 	1375 	1650 	1925 	2200 	2475 	2750 	275 	550 	825 	1100 	1375 	1650 	1925 	2200 	2475 	2750 	275 	550 	825 	1100 	1375 	1650 	1925 	2200 	2475 	2750 	
		275 	550 	825 	1100 	1375 	1650 	1925 	2200 	2475 	2750 	275 	550 	825 	1100 	1375 	1650 	1925 	2200 	2475 	2750 	275 	550 	825 	1100 	1375 	1650 	1925 	2200 	2475 	2750 	275 	550 	825 	1100 	1375 	1650 	1925 	2200 	2475 	2750 	275 	550 	825 	1100 	1375 	1650 	1925 	2200 	2475 	2750 	
		275 	550 	825 	1100 	1375 	1650 	1925 	2200 	2475 	2750 	275 	550 	825 	1100 	1375 	1650 	1925 	2200 	2475 	2750 	275 	550 	825 	1100 	1375 	1650 	1925 	2200 	2475 	2750 	275 	550 	825 	1100 	1375 	1650 	1925 	2200 	2475 	2750 	275 	550 	825 	1100 	1375 	1650 	1925 	2200 	2475 	2750 	
		275 	550 	825 	1100 	1375 	1650 	1925 	2200 	2475 	2750 	275 	550 	825 	1100 	1375 	1650 	1925 	2200 	2475 	2750 	275 	550 	825 	1100 	1375 	1650 	1925 	2200 	2475 	2750 	275 	550 	825 	1100 	1375 	1650 	1925 	2200 	2475 	2750 	275 	550 	825 	1100 	1375 	1650 	1925 	2200 	2475 	2750 	
		275 	550 	825 	1100 	1375 	1650 	1925 	2200 	2475 	2750 	275 	550 	825 	1100 	1375 	1650 	1925 	2200 	2475 	2750 	275 	550 	825 	1100 	1375 	1650 	1925 	2200 	2475 	2750 	275 	550 	825 	1100 	1375 	1650 	1925 	2200 	2475 	2750 	275 	550 	825 	1100 	1375 	1650 	1925 	2200 	2475 	2750 	
		275 	550 	825 	1100 	1375 	1650 	1925 	2200 	2475 	2750 	275 	550 	825 	1100 	1375 	1650 	1925 	2200 	2475 	2750 	275 	550 	825 	1100 	1375 	1650 	1925 	2200 	2475 	2750 	275 	550 	825 	1100 	1375 	1650 	1925 	2200 	2475 	2750 	275 	550 	825 	1100 	1375 	1650 	1925 	2200 	2475 	2750 	
		275 	550 	825 	1100 	1375 	1650 	1925 	2200 	2475 	2750 	275 	550 	825 	1100 	1375 	1650 	1925 	2200 	2475 	2750 	275 	550 	825 	1100 	1375 	1650 	1925 	2200 	2475 	2750 	275 	550 	825 	1100 	1375 	1650 	1925 	2200 	2475 	2750 	275 	550 	825 	1100 	1375 	1650 	1925 	2200 	2475 	2750 	
		275 	550 	825 	1100 	1375 	1650 	1925 	2200 	2475 	2750 	275 	550 	825 	1100 	1375 	1650 	1925 	2200 	2475 	2750 	275 	550 	825 	1100 	1375 	1650 	1925 	2200 	2475 	2750 	275 	550 	825 	1100 	1375 	1650 	1925 	2200 	2475 	2750 	275 	550 	825 	1100 	1375 	1650 	1925 	2200 	2475 	2750 	
		275 	550 	825 	1100 	1375 	1650 	1925 	2200 	2475 	2750 	275 	550 	825 	1100 	1375 	1650 	1925 	2200 	2475 	2750 	275 	550 	825 	1100 	1375 	1650 	1925 	2200 	2475 	2750 	275 	550 	825 	1100 	1375 	1650 	1925 	2200 	2475 	2750 	275 	550 	825 	1100 	1375 	1650 	1925 	2200 	2475 	2750 	
		275 	550 	825 	1100 	1375 	1650 	1925 	2200 	2475 	2750 	275 	550 	825 	1100 	1375 	1650 	1925 	2200 	2475 	2750 	275 	550 	825 	1100 	1375 	1650 	1925 	2200 	2475 	2750 	275 	550 	825 	1100 	1375 	1650 	1925 	2200 	2475 	2750 	275 	550 	825 	1100 	1375 	1650 	1925 	2200 	2475 	2750 	
		275 	550 	825 	1100 	1375 	1650 	1925 	2200 	2475 	2750 	275 	550 	825 	1100 	1375 	1650 	1925 	2200 	2475 	2750 	275 	550 	825 	1100 	1375 	1650 	1925 	2200 	2475 	2750 	275 	550 	825 	1100 	1375 	1650 	1925 	2200 	2475 	2750 	275 	550 	825 	1100 	1375 	1650 	1925 	2200 	2475 	2750 	
		275 	550 	825 	1100 	1375 	1650 	1925 	2200 	2475 	2750 	275 	550 	825 	1100 	1375 	1650 	1925 	2200 	2475 	2750 	275 	550 	825 	1100 	1375 	1650 	1925 	2200 	2475 	2750 	275 	550 	825 	1100 	1375 	1650 	1925 	2200 	2475 	2750 	275 	550 	825 	1100 	1375 	1650 	1925 	2200 	2475 	2750 	
		275 	550 	825 	1100 	1375 	1650 	1925 	2200 	2475 	2750 	275 	550 	825 	1100 	1375 	1650 	1925 	2200 	2475 	2750 	275 	550 	825 	1100 	1375 	1650 	1925 	2200 	2475 	2750 	275 	550 	825 	1100 	1375 	1650 	1925 	2200 	2475 	2750 	275 	550 	825 	1100 	1375 	1650 	1925 	2200 	2475 	2750 	
		275 	550 	825 	1100 	1375 	1650 	1925 	2200 	2475 	2750 	275 	550 	825 	1100 	1375 	1650 	1925 	2200 	2475 	2750 	275 	550 	825 	1100 	1375 	1650 	1925 	2200 	2475 	2750 	275 	550 	825 	1100 	1375 	1650 	1925 	2200 	2475 	2750 	275 	550 	825 	1100 	1375 	1650 	1925 	2200 	2475 	2750 	
		275 	550 	825 	1100 	1375 	1650 	1925 	2200 	2475 	2750 	275 	550 	825 	1100 	1375 	1650 	1925 	2200 	2475 	2750 	275 	550 	825 	1100 	1375 	1650 	1925 	2200 	2475 	2750 	275 	550 	825 	1100 	1375 	1650 	1925 	2200 	2475 	2750 	275 	550 	825 	1100 	1375 	1650 	1925 	2200 	2475 	2750 	
		275 	550 	825 	1100 	1375 	1650 	1925 	2200 	2475 	2750 	275 	550 	825 	1100 	1375 	1650 	1925 	2200 	2475 	2750 	275 	550 	825 	1100 	1375 	1650 	1925 	2200 	2475 	2750 	275 	550 	825 	1100 	1375 	1650 	1925 	2200 	2475 	2750 	275 	550 	825 	1100 	1375 	1650 	1925 	2200 	2475 	2750 	
		275 	550 	825 	1100 	1375 	1650 	1925 	2200 	2475 	2750 	275 	550 	825 	1100 	1375 	1650 	1925 	2200 	2475 	2750 	275 	550 	825 	1100 	1375 	1650 	1925 	2200 	2475 	2750 	275 	550 	825 	1100 	1375 	1650 	1925 	2200 	2475 	2750 	275 	550 	825 	1100 	1375 	1650 	1925 	2200 	2475 	2750 	
		275 	550 	825 	1100 	1375 	1650 	1925 	2200 	2475 	2750 	275 	550 	825 	1100 	1375 	1650 	1925 	2200 	2475 	2750 	275 	550 	825 	1100 	1375 	1650 	1925 	2200 	2475 	2750 	275 	550 	825 	1100 	1375 	1650 	1925 	2200 	2475 	2750 	275 	550 	825 	1100 	1375 	1650 	1925 	2200 	2475 	2750 	
		275 	550 	825 	1100 	1375 	1650 	1925 	2200 	2475 	2750 	275 	550 	825 	1100 	1375 	1650 	1925 	2200 	2475 	2750 	275 	550 	825 	1100 	1375 	1650 	1925 	2200 	2475 	2750 	275 	550 	825 	1100 	1375 	1650 	1925 	2200 	2475 	2750 	275 	550 	825 	1100 	1375 	1650 	1925 	2200 	2475 	2750 	
		275 	550 	825 	1100 	1375 	1650 	1925 	2200 	2475 	2750 	275 	550 	825 	1100 	1375 	1650 	1925 	2200 	2475 	2750 	275 	550 	825 	1100 	1375 	1650 	1925 	2200 	2475 	2750 	275 	550 	825 	1100 	1375 	1650 	1925 	2200 	2475 	2750 	275 	550 	825 	1100 	1375 	1650 	1925 	2200 	2475 	2750 	
		275 	550 	825 	1100 	1375 	1650 	1925 	2200 	2475 	2750 	275 	550 	825 	1100 	1375 	1650 	1925 	2200 	2475 	2750 	275 	550 	825 	1100 	1375 	1650 	1925 	2200 	2475 	2750 	275 	550 	825 	1100 	1375 	1650 	1925 	2200 	2475 	2750 	275 	550 	825 	1100 	1375 	1650 	1925 	2200 	2475 	2750 	
		275 	550 	825 	1100 	1375 	1650 	1925 	2200 	2475 	2750 	275 	550 	825 	1100 	1375 	1650 	1925 	2200 	2475 	2750 	275 	550 	825 	1100 	1375 	1650 	1925 	2200 	2475 	2750 	275 	550 	825 	1100 	1375 	1650 	1925 	2200 	2475 	2750 	275 	550 	825 	1100 	1375 	1650 	1925 	2200 	2475 	2750 	
		275 	550 	825 	1100 	1375 	1650 	1925 	2200 	2475 	2750 	275 	550 	825 	1100 	1375 	1650 	1925 	2200 	2475 	2750 	275 	550 	825 	1100 	1375 	1650 	1925 	2200 	2475 	2750 	275 	550 	825 	1100 	1375 	1650 	1925 	2200 	2475 	2750 	275 	550 	825 	1100 	1375 	1650 	1925 	2200 	2475 	2750 	
		275 	550 	825 	1100 	1375 	1650 	1925 	2200 	2475 	2750 	275 	550 	825 	1100 	1375 	1650 	1925 	2200 	2475 	2750 	275 	550 	825 	1100 	1375 	1650 	1925 	2200 	2475 	2750 	275 	550 	825 	1100 	1375 	1650 	1925 	2200 	2475 	2750 	275 	550 	825 	1100 	1375 	1650 	1925 	2200 	2475 	2750 	
		
# 		Matrix |allC| calculated in [0.001087] seconds and has infinity norm of [75625.0] ... 

