# --------------------------------------------------------------------------------------------------
# 
# Program : 	A4-mpi-solo 
# where : 	.dat contains timing data & .txt contains matrix values 
# 
# Summary of values added to each matrix - retained for later reference and validation 
# 
# -------------------------------------------------------------------------------------------------- 
# 
# RUNNING :	A4-mpi-solo -r 50 
# ALLOCATE :	|segmentA|, |segmentB|, |segmentC| and |allB| ... 
# INITIALIZE :	matrices ... 
# 		<10> x <50> matrix |segmentA| using random mod 10 ... 
		4 	7 	8 	6 	4 	6 	7 	3 	10 	2 	
		3 	8 	1 	10 	4 	7 	1 	7 	3 	7 	
		2 	9 	8 	10 	3 	1 	3 	4 	8 	6 	
		10 	3 	3 	9 	10 	8 	4 	7 	2 	3 	
		10 	4 	2 	10 	5 	8 	9 	5 	6 	1 	
		4 	7 	2 	1 	7 	4 	3 	1 	7 	2 	
		6 	6 	5 	8 	7 	6 	7 	10 	4 	8 	
		5 	6 	3 	6 	5 	8 	5 	5 	4 	1 	
		8 	9 	7 	9 	9 	5 	4 	2 	5 	10 	
		3 	1 	7 	9 	10 	3 	7 	7 	5 	10 	
		6 	1 	5 	9 	8 	2 	8 	3 	8 	3 	
		3 	7 	2 	1 	7 	2 	6 	10 	5 	10 	
		1 	10 	2 	8 	8 	2 	2 	6 	10 	8 	
		8 	7 	8 	4 	7 	6 	7 	4 	10 	5 	
		9 	2 	3 	10 	4 	10 	1 	9 	9 	6 	
		1 	10 	7 	4 	9 	6 	7 	2 	2 	6 	
		10 	9 	5 	9 	2 	1 	4 	1 	5 	5 	
		5 	5 	8 	7 	4 	2 	8 	6 	10 	7 	
		3 	2 	8 	9 	6 	8 	5 	2 	9 	6 	
		10 	8 	6 	4 	9 	9 	4 	2 	9 	10 	
		7 	5 	4 	4 	4 	9 	7 	1 	5 	9 	
		9 	9 	10 	8 	8 	7 	5 	4 	1 	4 	
		1 	10 	3 	6 	5 	1 	6 	10 	5 	7 	
		10 	3 	3 	5 	8 	8 	6 	5 	9 	2 	
		3 	9 	10 	4 	7 	9 	1 	3 	2 	1 	
		6 	2 	2 	1 	9 	6 	1 	7 	5 	7 	
		3 	6 	9 	7 	3 	9 	5 	8 	3 	5 	
		1 	7 	3 	10 	10 	1 	9 	2 	4 	2 	
		2 	1 	4 	5 	1 	4 	10 	2 	10 	7 	
		10 	4 	4 	9 	1 	6 	7 	7 	5 	1 	
		1 	5 	7 	3 	7 	8 	6 	7 	10 	9 	
		8 	3 	9 	3 	10 	10 	7 	1 	3 	8 	
		7 	2 	4 	3 	2 	6 	10 	10 	2 	5 	
		10 	2 	1 	8 	6 	9 	8 	1 	5 	9 	
		1 	5 	3 	10 	7 	2 	1 	5 	3 	3 	
		3 	1 	6 	6 	3 	10 	1 	3 	9 	4 	
		9 	1 	5 	1 	10 	2 	10 	7 	3 	6 	
		5 	5 	10 	10 	4 	7 	1 	6 	1 	3 	
		10 	5 	4 	6 	2 	8 	5 	4 	2 	5 	
		7 	10 	5 	3 	3 	7 	5 	2 	3 	9 	
		9 	10 	3 	9 	9 	9 	7 	9 	4 	9 	
		4 	4 	4 	9 	1 	5 	8 	7 	9 	10 	
		1 	7 	9 	8 	10 	1 	4 	4 	4 	8 	
		4 	3 	7 	6 	3 	7 	6 	9 	8 	10 	
		7 	1 	5 	2 	1 	5 	9 	8 	1 	9 	
		7 	3 	5 	8 	10 	4 	10 	3 	9 	4 	
		1 	2 	8 	9 	10 	2 	6 	5 	10 	3 	
		6 	8 	5 	10 	10 	5 	6 	10 	4 	6 	
		8 	1 	9 	2 	10 	10 	8 	9 	3 	6 	
		4 	5 	10 	1 	3 	1 	2 	10 	7 	3 	
		
# 	<10> x <50> matrix |segmentB| using random mod 10 ... 
		2 	3 	1 	8 	4 	2 	2 	10 	1 	6 	
		7 	8 	8 	5 	1 	7 	5 	8 	5 	9 	
		6 	9 	3 	7 	1 	7 	7 	5 	7 	3 	
		9 	10 	7 	1 	8 	1 	2 	1 	2 	4 	
		8 	8 	3 	7 	5 	6 	3 	1 	3 	10 	
		1 	10 	10 	5 	6 	2 	1 	4 	8 	9 	
		9 	7 	1 	5 	7 	8 	7 	1 	10 	8 	
		6 	10 	8 	9 	6 	4 	4 	9 	4 	8 	
		10 	4 	8 	9 	8 	5 	2 	10 	1 	10 	
		9 	9 	6 	9 	5 	4 	8 	2 	4 	9 	
		1 	10 	8 	10 	10 	4 	3 	5 	4 	8 	
		2 	3 	3 	1 	3 	2 	8 	6 	2 	8 	
		5 	2 	8 	2 	2 	2 	8 	1 	5 	1 	
		9 	6 	2 	7 	7 	3 	2 	10 	7 	5 	
		9 	1 	9 	2 	1 	3 	3 	10 	8 	6 	
		7 	5 	7 	4 	8 	10 	8 	5 	10 	2 	
		8 	1 	7 	1 	9 	6 	4 	10 	5 	2 	
		6 	5 	2 	6 	6 	5 	10 	9 	4 	9 	
		6 	3 	3 	3 	8 	1 	4 	5 	7 	4 	
		7 	4 	4 	5 	5 	4 	10 	8 	3 	6 	
		9 	10 	1 	3 	5 	8 	7 	6 	8 	2 	
		4 	4 	4 	9 	6 	2 	1 	9 	8 	7 	
		4 	6 	1 	9 	1 	5 	2 	2 	4 	6 	
		10 	4 	5 	2 	6 	1 	9 	4 	6 	7 	
		6 	10 	10 	1 	8 	7 	4 	8 	7 	2 	
		6 	1 	7 	6 	1 	9 	2 	3 	3 	7 	
		10 	2 	1 	5 	3 	8 	5 	1 	4 	3 	
		9 	1 	4 	8 	1 	1 	4 	5 	10 	3 	
		8 	5 	3 	6 	3 	5 	5 	4 	9 	7 	
		1 	9 	10 	3 	3 	4 	2 	9 	4 	5 	
		3 	3 	5 	6 	2 	8 	6 	8 	2 	7 	
		10 	9 	2 	4 	4 	4 	8 	10 	9 	7 	
		8 	1 	5 	9 	5 	9 	2 	7 	9 	6 	
		3 	2 	10 	10 	7 	1 	7 	5 	10 	10 	
		1 	9 	10 	4 	2 	5 	9 	10 	7 	8 	
		8 	4 	8 	2 	3 	3 	2 	6 	1 	10 	
		1 	5 	1 	2 	4 	8 	5 	2 	2 	4 	
		1 	4 	3 	2 	8 	6 	7 	6 	5 	3 	
		3 	2 	8 	3 	5 	2 	7 	6 	8 	9 	
		6 	10 	3 	8 	4 	7 	5 	8 	10 	8 	
		3 	3 	2 	7 	4 	1 	3 	2 	6 	7 	
		6 	1 	1 	4 	5 	7 	7 	1 	3 	6 	
		9 	10 	6 	1 	7 	1 	9 	4 	8 	9 	
		3 	2 	1 	6 	9 	6 	6 	1 	8 	4 	
		9 	3 	4 	1 	8 	8 	8 	7 	10 	2 	
		2 	10 	1 	9 	10 	9 	9 	1 	4 	8 	
		1 	7 	10 	3 	2 	8 	8 	10 	8 	7 	
		3 	8 	2 	6 	9 	9 	5 	6 	7 	6 	
		7 	9 	5 	9 	9 	4 	9 	8 	6 	3 	
		5 	6 	1 	6 	8 	4 	3 	8 	3 	2 	
		
# VALIDATE :	<50> x <50> matrix |allA| contents ... 
		4 	7 	8 	6 	4 	6 	7 	3 	10 	2 	3 	8 	1 	10 	4 	7 	1 	7 	3 	7 	2 	9 	8 	10 	3 	1 	3 	4 	8 	6 	10 	3 	3 	9 	10 	8 	4 	7 	2 	3 	10 	4 	2 	10 	5 	8 	9 	5 	6 	1 	
		4 	7 	2 	1 	7 	4 	3 	1 	7 	2 	6 	6 	5 	8 	7 	6 	7 	10 	4 	8 	5 	6 	3 	6 	5 	8 	5 	5 	4 	1 	8 	9 	7 	9 	9 	5 	4 	2 	5 	10 	3 	1 	7 	9 	10 	3 	7 	7 	5 	10 	
		6 	1 	5 	9 	8 	2 	8 	3 	8 	3 	3 	7 	2 	1 	7 	2 	6 	10 	5 	10 	1 	10 	2 	8 	8 	2 	2 	6 	10 	8 	8 	7 	8 	4 	7 	6 	7 	4 	10 	5 	9 	2 	3 	10 	4 	10 	1 	9 	9 	6 	
		1 	10 	7 	4 	9 	6 	7 	2 	2 	6 	10 	9 	5 	9 	2 	1 	4 	1 	5 	5 	5 	5 	8 	7 	4 	2 	8 	6 	10 	7 	3 	2 	8 	9 	6 	8 	5 	2 	9 	6 	10 	8 	6 	4 	9 	9 	4 	2 	9 	10 	
		7 	5 	4 	4 	4 	9 	7 	1 	5 	9 	9 	9 	10 	8 	8 	7 	5 	4 	1 	4 	1 	10 	3 	6 	5 	1 	6 	10 	5 	7 	10 	3 	3 	5 	8 	8 	6 	5 	9 	2 	3 	9 	10 	4 	7 	9 	1 	3 	2 	1 	
		6 	2 	2 	1 	9 	6 	1 	7 	5 	7 	3 	6 	9 	7 	3 	9 	5 	8 	3 	5 	1 	7 	3 	10 	10 	1 	9 	2 	4 	2 	2 	1 	4 	5 	1 	4 	10 	2 	10 	7 	10 	4 	4 	9 	1 	6 	7 	7 	5 	1 	
		1 	5 	7 	3 	7 	8 	6 	7 	10 	9 	8 	3 	9 	3 	10 	10 	7 	1 	3 	8 	7 	2 	4 	3 	2 	6 	10 	10 	2 	5 	10 	2 	1 	8 	6 	9 	8 	1 	5 	9 	1 	5 	3 	10 	7 	2 	1 	5 	3 	3 	
		3 	1 	6 	6 	3 	10 	1 	3 	9 	4 	9 	1 	5 	1 	10 	2 	10 	7 	3 	6 	5 	5 	10 	10 	4 	7 	1 	6 	1 	3 	10 	5 	4 	6 	2 	8 	5 	4 	2 	5 	7 	10 	5 	3 	3 	7 	5 	2 	3 	9 	
		9 	10 	3 	9 	9 	9 	7 	9 	4 	9 	4 	4 	4 	9 	1 	5 	8 	7 	9 	10 	1 	7 	9 	8 	10 	1 	4 	4 	4 	8 	4 	3 	7 	6 	3 	7 	6 	9 	8 	10 	7 	1 	5 	2 	1 	5 	9 	8 	1 	9 	
		7 	3 	5 	8 	10 	4 	10 	3 	9 	4 	1 	2 	8 	9 	10 	2 	6 	5 	10 	3 	6 	8 	5 	10 	10 	5 	6 	10 	4 	6 	8 	1 	9 	2 	10 	10 	8 	9 	3 	6 	4 	5 	10 	1 	3 	1 	2 	10 	7 	3 	
		4 	7 	8 	6 	4 	6 	7 	3 	10 	2 	3 	8 	1 	10 	4 	7 	1 	7 	3 	7 	2 	9 	8 	10 	3 	1 	3 	4 	8 	6 	10 	3 	3 	9 	10 	8 	4 	7 	2 	3 	10 	4 	2 	10 	5 	8 	9 	5 	6 	1 	
		4 	7 	2 	1 	7 	4 	3 	1 	7 	2 	6 	6 	5 	8 	7 	6 	7 	10 	4 	8 	5 	6 	3 	6 	5 	8 	5 	5 	4 	1 	8 	9 	7 	9 	9 	5 	4 	2 	5 	10 	3 	1 	7 	9 	10 	3 	7 	7 	5 	10 	
		6 	1 	5 	9 	8 	2 	8 	3 	8 	3 	3 	7 	2 	1 	7 	2 	6 	10 	5 	10 	1 	10 	2 	8 	8 	2 	2 	6 	10 	8 	8 	7 	8 	4 	7 	6 	7 	4 	10 	5 	9 	2 	3 	10 	4 	10 	1 	9 	9 	6 	
		1 	10 	7 	4 	9 	6 	7 	2 	2 	6 	10 	9 	5 	9 	2 	1 	4 	1 	5 	5 	5 	5 	8 	7 	4 	2 	8 	6 	10 	7 	3 	2 	8 	9 	6 	8 	5 	2 	9 	6 	10 	8 	6 	4 	9 	9 	4 	2 	9 	10 	
		7 	5 	4 	4 	4 	9 	7 	1 	5 	9 	9 	9 	10 	8 	8 	7 	5 	4 	1 	4 	1 	10 	3 	6 	5 	1 	6 	10 	5 	7 	10 	3 	3 	5 	8 	8 	6 	5 	9 	2 	3 	9 	10 	4 	7 	9 	1 	3 	2 	1 	
		6 	2 	2 	1 	9 	6 	1 	7 	5 	7 	3 	6 	9 	7 	3 	9 	5 	8 	3 	5 	1 	7 	3 	10 	10 	1 	9 	2 	4 	2 	2 	1 	4 	5 	1 	4 	10 	2 	10 	7 	10 	4 	4 	9 	1 	6 	7 	7 	5 	1 	
		1 	5 	7 	3 	7 	8 	6 	7 	10 	9 	8 	3 	9 	3 	10 	10 	7 	1 	3 	8 	7 	2 	4 	3 	2 	6 	10 	10 	2 	5 	10 	2 	1 	8 	6 	9 	8 	1 	5 	9 	1 	5 	3 	10 	7 	2 	1 	5 	3 	3 	
		3 	1 	6 	6 	3 	10 	1 	3 	9 	4 	9 	1 	5 	1 	10 	2 	10 	7 	3 	6 	5 	5 	10 	10 	4 	7 	1 	6 	1 	3 	10 	5 	4 	6 	2 	8 	5 	4 	2 	5 	7 	10 	5 	3 	3 	7 	5 	2 	3 	9 	
		9 	10 	3 	9 	9 	9 	7 	9 	4 	9 	4 	4 	4 	9 	1 	5 	8 	7 	9 	10 	1 	7 	9 	8 	10 	1 	4 	4 	4 	8 	4 	3 	7 	6 	3 	7 	6 	9 	8 	10 	7 	1 	5 	2 	1 	5 	9 	8 	1 	9 	
		7 	3 	5 	8 	10 	4 	10 	3 	9 	4 	1 	2 	8 	9 	10 	2 	6 	5 	10 	3 	6 	8 	5 	10 	10 	5 	6 	10 	4 	6 	8 	1 	9 	2 	10 	10 	8 	9 	3 	6 	4 	5 	10 	1 	3 	1 	2 	10 	7 	3 	
		4 	7 	8 	6 	4 	6 	7 	3 	10 	2 	3 	8 	1 	10 	4 	7 	1 	7 	3 	7 	2 	9 	8 	10 	3 	1 	3 	4 	8 	6 	10 	3 	3 	9 	10 	8 	4 	7 	2 	3 	10 	4 	2 	10 	5 	8 	9 	5 	6 	1 	
		4 	7 	2 	1 	7 	4 	3 	1 	7 	2 	6 	6 	5 	8 	7 	6 	7 	10 	4 	8 	5 	6 	3 	6 	5 	8 	5 	5 	4 	1 	8 	9 	7 	9 	9 	5 	4 	2 	5 	10 	3 	1 	7 	9 	10 	3 	7 	7 	5 	10 	
		6 	1 	5 	9 	8 	2 	8 	3 	8 	3 	3 	7 	2 	1 	7 	2 	6 	10 	5 	10 	1 	10 	2 	8 	8 	2 	2 	6 	10 	8 	8 	7 	8 	4 	7 	6 	7 	4 	10 	5 	9 	2 	3 	10 	4 	10 	1 	9 	9 	6 	
		1 	10 	7 	4 	9 	6 	7 	2 	2 	6 	10 	9 	5 	9 	2 	1 	4 	1 	5 	5 	5 	5 	8 	7 	4 	2 	8 	6 	10 	7 	3 	2 	8 	9 	6 	8 	5 	2 	9 	6 	10 	8 	6 	4 	9 	9 	4 	2 	9 	10 	
		7 	5 	4 	4 	4 	9 	7 	1 	5 	9 	9 	9 	10 	8 	8 	7 	5 	4 	1 	4 	1 	10 	3 	6 	5 	1 	6 	10 	5 	7 	10 	3 	3 	5 	8 	8 	6 	5 	9 	2 	3 	9 	10 	4 	7 	9 	1 	3 	2 	1 	
		6 	2 	2 	1 	9 	6 	1 	7 	5 	7 	3 	6 	9 	7 	3 	9 	5 	8 	3 	5 	1 	7 	3 	10 	10 	1 	9 	2 	4 	2 	2 	1 	4 	5 	1 	4 	10 	2 	10 	7 	10 	4 	4 	9 	1 	6 	7 	7 	5 	1 	
		1 	5 	7 	3 	7 	8 	6 	7 	10 	9 	8 	3 	9 	3 	10 	10 	7 	1 	3 	8 	7 	2 	4 	3 	2 	6 	10 	10 	2 	5 	10 	2 	1 	8 	6 	9 	8 	1 	5 	9 	1 	5 	3 	10 	7 	2 	1 	5 	3 	3 	
		3 	1 	6 	6 	3 	10 	1 	3 	9 	4 	9 	1 	5 	1 	10 	2 	10 	7 	3 	6 	5 	5 	10 	10 	4 	7 	1 	6 	1 	3 	10 	5 	4 	6 	2 	8 	5 	4 	2 	5 	7 	10 	5 	3 	3 	7 	5 	2 	3 	9 	
		9 	10 	3 	9 	9 	9 	7 	9 	4 	9 	4 	4 	4 	9 	1 	5 	8 	7 	9 	10 	1 	7 	9 	8 	10 	1 	4 	4 	4 	8 	4 	3 	7 	6 	3 	7 	6 	9 	8 	10 	7 	1 	5 	2 	1 	5 	9 	8 	1 	9 	
		7 	3 	5 	8 	10 	4 	10 	3 	9 	4 	1 	2 	8 	9 	10 	2 	6 	5 	10 	3 	6 	8 	5 	10 	10 	5 	6 	10 	4 	6 	8 	1 	9 	2 	10 	10 	8 	9 	3 	6 	4 	5 	10 	1 	3 	1 	2 	10 	7 	3 	
		4 	7 	8 	6 	4 	6 	7 	3 	10 	2 	3 	8 	1 	10 	4 	7 	1 	7 	3 	7 	2 	9 	8 	10 	3 	1 	3 	4 	8 	6 	10 	3 	3 	9 	10 	8 	4 	7 	2 	3 	10 	4 	2 	10 	5 	8 	9 	5 	6 	1 	
		4 	7 	2 	1 	7 	4 	3 	1 	7 	2 	6 	6 	5 	8 	7 	6 	7 	10 	4 	8 	5 	6 	3 	6 	5 	8 	5 	5 	4 	1 	8 	9 	7 	9 	9 	5 	4 	2 	5 	10 	3 	1 	7 	9 	10 	3 	7 	7 	5 	10 	
		6 	1 	5 	9 	8 	2 	8 	3 	8 	3 	3 	7 	2 	1 	7 	2 	6 	10 	5 	10 	1 	10 	2 	8 	8 	2 	2 	6 	10 	8 	8 	7 	8 	4 	7 	6 	7 	4 	10 	5 	9 	2 	3 	10 	4 	10 	1 	9 	9 	6 	
		1 	10 	7 	4 	9 	6 	7 	2 	2 	6 	10 	9 	5 	9 	2 	1 	4 	1 	5 	5 	5 	5 	8 	7 	4 	2 	8 	6 	10 	7 	3 	2 	8 	9 	6 	8 	5 	2 	9 	6 	10 	8 	6 	4 	9 	9 	4 	2 	9 	10 	
		7 	5 	4 	4 	4 	9 	7 	1 	5 	9 	9 	9 	10 	8 	8 	7 	5 	4 	1 	4 	1 	10 	3 	6 	5 	1 	6 	10 	5 	7 	10 	3 	3 	5 	8 	8 	6 	5 	9 	2 	3 	9 	10 	4 	7 	9 	1 	3 	2 	1 	
		6 	2 	2 	1 	9 	6 	1 	7 	5 	7 	3 	6 	9 	7 	3 	9 	5 	8 	3 	5 	1 	7 	3 	10 	10 	1 	9 	2 	4 	2 	2 	1 	4 	5 	1 	4 	10 	2 	10 	7 	10 	4 	4 	9 	1 	6 	7 	7 	5 	1 	
		1 	5 	7 	3 	7 	8 	6 	7 	10 	9 	8 	3 	9 	3 	10 	10 	7 	1 	3 	8 	7 	2 	4 	3 	2 	6 	10 	10 	2 	5 	10 	2 	1 	8 	6 	9 	8 	1 	5 	9 	1 	5 	3 	10 	7 	2 	1 	5 	3 	3 	
		3 	1 	6 	6 	3 	10 	1 	3 	9 	4 	9 	1 	5 	1 	10 	2 	10 	7 	3 	6 	5 	5 	10 	10 	4 	7 	1 	6 	1 	3 	10 	5 	4 	6 	2 	8 	5 	4 	2 	5 	7 	10 	5 	3 	3 	7 	5 	2 	3 	9 	
		9 	10 	3 	9 	9 	9 	7 	9 	4 	9 	4 	4 	4 	9 	1 	5 	8 	7 	9 	10 	1 	7 	9 	8 	10 	1 	4 	4 	4 	8 	4 	3 	7 	6 	3 	7 	6 	9 	8 	10 	7 	1 	5 	2 	1 	5 	9 	8 	1 	9 	
		7 	3 	5 	8 	10 	4 	10 	3 	9 	4 	1 	2 	8 	9 	10 	2 	6 	5 	10 	3 	6 	8 	5 	10 	10 	5 	6 	10 	4 	6 	8 	1 	9 	2 	10 	10 	8 	9 	3 	6 	4 	5 	10 	1 	3 	1 	2 	10 	7 	3 	
		4 	7 	8 	6 	4 	6 	7 	3 	10 	2 	3 	8 	1 	10 	4 	7 	1 	7 	3 	7 	2 	9 	8 	10 	3 	1 	3 	4 	8 	6 	10 	3 	3 	9 	10 	8 	4 	7 	2 	3 	10 	4 	2 	10 	5 	8 	9 	5 	6 	1 	
		4 	7 	2 	1 	7 	4 	3 	1 	7 	2 	6 	6 	5 	8 	7 	6 	7 	10 	4 	8 	5 	6 	3 	6 	5 	8 	5 	5 	4 	1 	8 	9 	7 	9 	9 	5 	4 	2 	5 	10 	3 	1 	7 	9 	10 	3 	7 	7 	5 	10 	
		6 	1 	5 	9 	8 	2 	8 	3 	8 	3 	3 	7 	2 	1 	7 	2 	6 	10 	5 	10 	1 	10 	2 	8 	8 	2 	2 	6 	10 	8 	8 	7 	8 	4 	7 	6 	7 	4 	10 	5 	9 	2 	3 	10 	4 	10 	1 	9 	9 	6 	
		1 	10 	7 	4 	9 	6 	7 	2 	2 	6 	10 	9 	5 	9 	2 	1 	4 	1 	5 	5 	5 	5 	8 	7 	4 	2 	8 	6 	10 	7 	3 	2 	8 	9 	6 	8 	5 	2 	9 	6 	10 	8 	6 	4 	9 	9 	4 	2 	9 	10 	
		7 	5 	4 	4 	4 	9 	7 	1 	5 	9 	9 	9 	10 	8 	8 	7 	5 	4 	1 	4 	1 	10 	3 	6 	5 	1 	6 	10 	5 	7 	10 	3 	3 	5 	8 	8 	6 	5 	9 	2 	3 	9 	10 	4 	7 	9 	1 	3 	2 	1 	
		6 	2 	2 	1 	9 	6 	1 	7 	5 	7 	3 	6 	9 	7 	3 	9 	5 	8 	3 	5 	1 	7 	3 	10 	10 	1 	9 	2 	4 	2 	2 	1 	4 	5 	1 	4 	10 	2 	10 	7 	10 	4 	4 	9 	1 	6 	7 	7 	5 	1 	
		1 	5 	7 	3 	7 	8 	6 	7 	10 	9 	8 	3 	9 	3 	10 	10 	7 	1 	3 	8 	7 	2 	4 	3 	2 	6 	10 	10 	2 	5 	10 	2 	1 	8 	6 	9 	8 	1 	5 	9 	1 	5 	3 	10 	7 	2 	1 	5 	3 	3 	
		3 	1 	6 	6 	3 	10 	1 	3 	9 	4 	9 	1 	5 	1 	10 	2 	10 	7 	3 	6 	5 	5 	10 	10 	4 	7 	1 	6 	1 	3 	10 	5 	4 	6 	2 	8 	5 	4 	2 	5 	7 	10 	5 	3 	3 	7 	5 	2 	3 	9 	
		9 	10 	3 	9 	9 	9 	7 	9 	4 	9 	4 	4 	4 	9 	1 	5 	8 	7 	9 	10 	1 	7 	9 	8 	10 	1 	4 	4 	4 	8 	4 	3 	7 	6 	3 	7 	6 	9 	8 	10 	7 	1 	5 	2 	1 	5 	9 	8 	1 	9 	
		7 	3 	5 	8 	10 	4 	10 	3 	9 	4 	1 	2 	8 	9 	10 	2 	6 	5 	10 	3 	6 	8 	5 	10 	10 	5 	6 	10 	4 	6 	8 	1 	9 	2 	10 	10 	8 	9 	3 	6 	4 	5 	10 	1 	3 	1 	2 	10 	7 	3 	
		
# VALIDATE :	<50> x <50> matrix |allB| contents ... 
		2 	3 	1 	8 	4 	2 	2 	10 	1 	6 	7 	8 	8 	5 	1 	7 	5 	8 	5 	9 	6 	9 	3 	7 	1 	7 	7 	5 	7 	3 	9 	10 	7 	1 	8 	1 	2 	1 	2 	4 	8 	8 	3 	7 	5 	6 	3 	1 	3 	10 	
		1 	10 	10 	5 	6 	2 	1 	4 	8 	9 	9 	7 	1 	5 	7 	8 	7 	1 	10 	8 	6 	10 	8 	9 	6 	4 	4 	9 	4 	8 	10 	4 	8 	9 	8 	5 	2 	10 	1 	10 	9 	9 	6 	9 	5 	4 	8 	2 	4 	9 	
		1 	10 	8 	10 	10 	4 	3 	5 	4 	8 	2 	3 	3 	1 	3 	2 	8 	6 	2 	8 	5 	2 	8 	2 	2 	2 	8 	1 	5 	1 	9 	6 	2 	7 	7 	3 	2 	10 	7 	5 	9 	1 	9 	2 	1 	3 	3 	10 	8 	6 	
		7 	5 	7 	4 	8 	10 	8 	5 	10 	2 	8 	1 	7 	1 	9 	6 	4 	10 	5 	2 	6 	5 	2 	6 	6 	5 	10 	9 	4 	9 	6 	3 	3 	3 	8 	1 	4 	5 	7 	4 	7 	4 	4 	5 	5 	4 	10 	8 	3 	6 	
		9 	10 	1 	3 	5 	8 	7 	6 	8 	2 	4 	4 	4 	9 	6 	2 	1 	9 	8 	7 	4 	6 	1 	9 	1 	5 	2 	2 	4 	6 	10 	4 	5 	2 	6 	1 	9 	4 	6 	7 	6 	10 	10 	1 	8 	7 	4 	8 	7 	2 	
		6 	1 	7 	6 	1 	9 	2 	3 	3 	7 	10 	2 	1 	5 	3 	8 	5 	1 	4 	3 	9 	1 	4 	8 	1 	1 	4 	5 	10 	3 	8 	5 	3 	6 	3 	5 	5 	4 	9 	7 	1 	9 	10 	3 	3 	4 	2 	9 	4 	5 	
		3 	3 	5 	6 	2 	8 	6 	8 	2 	7 	10 	9 	2 	4 	4 	4 	8 	10 	9 	7 	8 	1 	5 	9 	5 	9 	2 	7 	9 	6 	3 	2 	10 	10 	7 	1 	7 	5 	10 	10 	1 	9 	10 	4 	2 	5 	9 	10 	7 	8 	
		8 	4 	8 	2 	3 	3 	2 	6 	1 	10 	1 	5 	1 	2 	4 	8 	5 	2 	2 	4 	1 	4 	3 	2 	8 	6 	7 	6 	5 	3 	3 	2 	8 	3 	5 	2 	7 	6 	8 	9 	6 	10 	3 	8 	4 	7 	5 	8 	10 	8 	
		3 	3 	2 	7 	4 	1 	3 	2 	6 	7 	6 	1 	1 	4 	5 	7 	7 	1 	3 	6 	9 	10 	6 	1 	7 	1 	9 	4 	8 	9 	3 	2 	1 	6 	9 	6 	6 	1 	8 	4 	9 	3 	4 	1 	8 	8 	8 	7 	10 	2 	
		2 	10 	1 	9 	10 	9 	9 	1 	4 	8 	1 	7 	10 	3 	2 	8 	8 	10 	8 	7 	3 	8 	2 	6 	9 	9 	5 	6 	7 	6 	7 	9 	5 	9 	9 	4 	9 	8 	6 	3 	5 	6 	1 	6 	8 	4 	3 	8 	3 	2 	
		2 	3 	1 	8 	4 	2 	2 	10 	1 	6 	7 	8 	8 	5 	1 	7 	5 	8 	5 	9 	6 	9 	3 	7 	1 	7 	7 	5 	7 	3 	9 	10 	7 	1 	8 	1 	2 	1 	2 	4 	8 	8 	3 	7 	5 	6 	3 	1 	3 	10 	
		1 	10 	10 	5 	6 	2 	1 	4 	8 	9 	9 	7 	1 	5 	7 	8 	7 	1 	10 	8 	6 	10 	8 	9 	6 	4 	4 	9 	4 	8 	10 	4 	8 	9 	8 	5 	2 	10 	1 	10 	9 	9 	6 	9 	5 	4 	8 	2 	4 	9 	
		1 	10 	8 	10 	10 	4 	3 	5 	4 	8 	2 	3 	3 	1 	3 	2 	8 	6 	2 	8 	5 	2 	8 	2 	2 	2 	8 	1 	5 	1 	9 	6 	2 	7 	7 	3 	2 	10 	7 	5 	9 	1 	9 	2 	1 	3 	3 	10 	8 	6 	
		7 	5 	7 	4 	8 	10 	8 	5 	10 	2 	8 	1 	7 	1 	9 	6 	4 	10 	5 	2 	6 	5 	2 	6 	6 	5 	10 	9 	4 	9 	6 	3 	3 	3 	8 	1 	4 	5 	7 	4 	7 	4 	4 	5 	5 	4 	10 	8 	3 	6 	
		9 	10 	1 	3 	5 	8 	7 	6 	8 	2 	4 	4 	4 	9 	6 	2 	1 	9 	8 	7 	4 	6 	1 	9 	1 	5 	2 	2 	4 	6 	10 	4 	5 	2 	6 	1 	9 	4 	6 	7 	6 	10 	10 	1 	8 	7 	4 	8 	7 	2 	
		6 	1 	7 	6 	1 	9 	2 	3 	3 	7 	10 	2 	1 	5 	3 	8 	5 	1 	4 	3 	9 	1 	4 	8 	1 	1 	4 	5 	10 	3 	8 	5 	3 	6 	3 	5 	5 	4 	9 	7 	1 	9 	10 	3 	3 	4 	2 	9 	4 	5 	
		3 	3 	5 	6 	2 	8 	6 	8 	2 	7 	10 	9 	2 	4 	4 	4 	8 	10 	9 	7 	8 	1 	5 	9 	5 	9 	2 	7 	9 	6 	3 	2 	10 	10 	7 	1 	7 	5 	10 	10 	1 	9 	10 	4 	2 	5 	9 	10 	7 	8 	
		8 	4 	8 	2 	3 	3 	2 	6 	1 	10 	1 	5 	1 	2 	4 	8 	5 	2 	2 	4 	1 	4 	3 	2 	8 	6 	7 	6 	5 	3 	3 	2 	8 	3 	5 	2 	7 	6 	8 	9 	6 	10 	3 	8 	4 	7 	5 	8 	10 	8 	
		3 	3 	2 	7 	4 	1 	3 	2 	6 	7 	6 	1 	1 	4 	5 	7 	7 	1 	3 	6 	9 	10 	6 	1 	7 	1 	9 	4 	8 	9 	3 	2 	1 	6 	9 	6 	6 	1 	8 	4 	9 	3 	4 	1 	8 	8 	8 	7 	10 	2 	
		2 	10 	1 	9 	10 	9 	9 	1 	4 	8 	1 	7 	10 	3 	2 	8 	8 	10 	8 	7 	3 	8 	2 	6 	9 	9 	5 	6 	7 	6 	7 	9 	5 	9 	9 	4 	9 	8 	6 	3 	5 	6 	1 	6 	8 	4 	3 	8 	3 	2 	
		2 	3 	1 	8 	4 	2 	2 	10 	1 	6 	7 	8 	8 	5 	1 	7 	5 	8 	5 	9 	6 	9 	3 	7 	1 	7 	7 	5 	7 	3 	9 	10 	7 	1 	8 	1 	2 	1 	2 	4 	8 	8 	3 	7 	5 	6 	3 	1 	3 	10 	
		1 	10 	10 	5 	6 	2 	1 	4 	8 	9 	9 	7 	1 	5 	7 	8 	7 	1 	10 	8 	6 	10 	8 	9 	6 	4 	4 	9 	4 	8 	10 	4 	8 	9 	8 	5 	2 	10 	1 	10 	9 	9 	6 	9 	5 	4 	8 	2 	4 	9 	
		1 	10 	8 	10 	10 	4 	3 	5 	4 	8 	2 	3 	3 	1 	3 	2 	8 	6 	2 	8 	5 	2 	8 	2 	2 	2 	8 	1 	5 	1 	9 	6 	2 	7 	7 	3 	2 	10 	7 	5 	9 	1 	9 	2 	1 	3 	3 	10 	8 	6 	
		7 	5 	7 	4 	8 	10 	8 	5 	10 	2 	8 	1 	7 	1 	9 	6 	4 	10 	5 	2 	6 	5 	2 	6 	6 	5 	10 	9 	4 	9 	6 	3 	3 	3 	8 	1 	4 	5 	7 	4 	7 	4 	4 	5 	5 	4 	10 	8 	3 	6 	
		9 	10 	1 	3 	5 	8 	7 	6 	8 	2 	4 	4 	4 	9 	6 	2 	1 	9 	8 	7 	4 	6 	1 	9 	1 	5 	2 	2 	4 	6 	10 	4 	5 	2 	6 	1 	9 	4 	6 	7 	6 	10 	10 	1 	8 	7 	4 	8 	7 	2 	
		6 	1 	7 	6 	1 	9 	2 	3 	3 	7 	10 	2 	1 	5 	3 	8 	5 	1 	4 	3 	9 	1 	4 	8 	1 	1 	4 	5 	10 	3 	8 	5 	3 	6 	3 	5 	5 	4 	9 	7 	1 	9 	10 	3 	3 	4 	2 	9 	4 	5 	
		3 	3 	5 	6 	2 	8 	6 	8 	2 	7 	10 	9 	2 	4 	4 	4 	8 	10 	9 	7 	8 	1 	5 	9 	5 	9 	2 	7 	9 	6 	3 	2 	10 	10 	7 	1 	7 	5 	10 	10 	1 	9 	10 	4 	2 	5 	9 	10 	7 	8 	
		8 	4 	8 	2 	3 	3 	2 	6 	1 	10 	1 	5 	1 	2 	4 	8 	5 	2 	2 	4 	1 	4 	3 	2 	8 	6 	7 	6 	5 	3 	3 	2 	8 	3 	5 	2 	7 	6 	8 	9 	6 	10 	3 	8 	4 	7 	5 	8 	10 	8 	
		3 	3 	2 	7 	4 	1 	3 	2 	6 	7 	6 	1 	1 	4 	5 	7 	7 	1 	3 	6 	9 	10 	6 	1 	7 	1 	9 	4 	8 	9 	3 	2 	1 	6 	9 	6 	6 	1 	8 	4 	9 	3 	4 	1 	8 	8 	8 	7 	10 	2 	
		2 	10 	1 	9 	10 	9 	9 	1 	4 	8 	1 	7 	10 	3 	2 	8 	8 	10 	8 	7 	3 	8 	2 	6 	9 	9 	5 	6 	7 	6 	7 	9 	5 	9 	9 	4 	9 	8 	6 	3 	5 	6 	1 	6 	8 	4 	3 	8 	3 	2 	
		2 	3 	1 	8 	4 	2 	2 	10 	1 	6 	7 	8 	8 	5 	1 	7 	5 	8 	5 	9 	6 	9 	3 	7 	1 	7 	7 	5 	7 	3 	9 	10 	7 	1 	8 	1 	2 	1 	2 	4 	8 	8 	3 	7 	5 	6 	3 	1 	3 	10 	
		1 	10 	10 	5 	6 	2 	1 	4 	8 	9 	9 	7 	1 	5 	7 	8 	7 	1 	10 	8 	6 	10 	8 	9 	6 	4 	4 	9 	4 	8 	10 	4 	8 	9 	8 	5 	2 	10 	1 	10 	9 	9 	6 	9 	5 	4 	8 	2 	4 	9 	
		1 	10 	8 	10 	10 	4 	3 	5 	4 	8 	2 	3 	3 	1 	3 	2 	8 	6 	2 	8 	5 	2 	8 	2 	2 	2 	8 	1 	5 	1 	9 	6 	2 	7 	7 	3 	2 	10 	7 	5 	9 	1 	9 	2 	1 	3 	3 	10 	8 	6 	
		7 	5 	7 	4 	8 	10 	8 	5 	10 	2 	8 	1 	7 	1 	9 	6 	4 	10 	5 	2 	6 	5 	2 	6 	6 	5 	10 	9 	4 	9 	6 	3 	3 	3 	8 	1 	4 	5 	7 	4 	7 	4 	4 	5 	5 	4 	10 	8 	3 	6 	
		9 	10 	1 	3 	5 	8 	7 	6 	8 	2 	4 	4 	4 	9 	6 	2 	1 	9 	8 	7 	4 	6 	1 	9 	1 	5 	2 	2 	4 	6 	10 	4 	5 	2 	6 	1 	9 	4 	6 	7 	6 	10 	10 	1 	8 	7 	4 	8 	7 	2 	
		6 	1 	7 	6 	1 	9 	2 	3 	3 	7 	10 	2 	1 	5 	3 	8 	5 	1 	4 	3 	9 	1 	4 	8 	1 	1 	4 	5 	10 	3 	8 	5 	3 	6 	3 	5 	5 	4 	9 	7 	1 	9 	10 	3 	3 	4 	2 	9 	4 	5 	
		3 	3 	5 	6 	2 	8 	6 	8 	2 	7 	10 	9 	2 	4 	4 	4 	8 	10 	9 	7 	8 	1 	5 	9 	5 	9 	2 	7 	9 	6 	3 	2 	10 	10 	7 	1 	7 	5 	10 	10 	1 	9 	10 	4 	2 	5 	9 	10 	7 	8 	
		8 	4 	8 	2 	3 	3 	2 	6 	1 	10 	1 	5 	1 	2 	4 	8 	5 	2 	2 	4 	1 	4 	3 	2 	8 	6 	7 	6 	5 	3 	3 	2 	8 	3 	5 	2 	7 	6 	8 	9 	6 	10 	3 	8 	4 	7 	5 	8 	10 	8 	
		3 	3 	2 	7 	4 	1 	3 	2 	6 	7 	6 	1 	1 	4 	5 	7 	7 	1 	3 	6 	9 	10 	6 	1 	7 	1 	9 	4 	8 	9 	3 	2 	1 	6 	9 	6 	6 	1 	8 	4 	9 	3 	4 	1 	8 	8 	8 	7 	10 	2 	
		2 	10 	1 	9 	10 	9 	9 	1 	4 	8 	1 	7 	10 	3 	2 	8 	8 	10 	8 	7 	3 	8 	2 	6 	9 	9 	5 	6 	7 	6 	7 	9 	5 	9 	9 	4 	9 	8 	6 	3 	5 	6 	1 	6 	8 	4 	3 	8 	3 	2 	
		2 	3 	1 	8 	4 	2 	2 	10 	1 	6 	7 	8 	8 	5 	1 	7 	5 	8 	5 	9 	6 	9 	3 	7 	1 	7 	7 	5 	7 	3 	9 	10 	7 	1 	8 	1 	2 	1 	2 	4 	8 	8 	3 	7 	5 	6 	3 	1 	3 	10 	
		1 	10 	10 	5 	6 	2 	1 	4 	8 	9 	9 	7 	1 	5 	7 	8 	7 	1 	10 	8 	6 	10 	8 	9 	6 	4 	4 	9 	4 	8 	10 	4 	8 	9 	8 	5 	2 	10 	1 	10 	9 	9 	6 	9 	5 	4 	8 	2 	4 	9 	
		1 	10 	8 	10 	10 	4 	3 	5 	4 	8 	2 	3 	3 	1 	3 	2 	8 	6 	2 	8 	5 	2 	8 	2 	2 	2 	8 	1 	5 	1 	9 	6 	2 	7 	7 	3 	2 	10 	7 	5 	9 	1 	9 	2 	1 	3 	3 	10 	8 	6 	
		7 	5 	7 	4 	8 	10 	8 	5 	10 	2 	8 	1 	7 	1 	9 	6 	4 	10 	5 	2 	6 	5 	2 	6 	6 	5 	10 	9 	4 	9 	6 	3 	3 	3 	8 	1 	4 	5 	7 	4 	7 	4 	4 	5 	5 	4 	10 	8 	3 	6 	
		9 	10 	1 	3 	5 	8 	7 	6 	8 	2 	4 	4 	4 	9 	6 	2 	1 	9 	8 	7 	4 	6 	1 	9 	1 	5 	2 	2 	4 	6 	10 	4 	5 	2 	6 	1 	9 	4 	6 	7 	6 	10 	10 	1 	8 	7 	4 	8 	7 	2 	
		6 	1 	7 	6 	1 	9 	2 	3 	3 	7 	10 	2 	1 	5 	3 	8 	5 	1 	4 	3 	9 	1 	4 	8 	1 	1 	4 	5 	10 	3 	8 	5 	3 	6 	3 	5 	5 	4 	9 	7 	1 	9 	10 	3 	3 	4 	2 	9 	4 	5 	
		3 	3 	5 	6 	2 	8 	6 	8 	2 	7 	10 	9 	2 	4 	4 	4 	8 	10 	9 	7 	8 	1 	5 	9 	5 	9 	2 	7 	9 	6 	3 	2 	10 	10 	7 	1 	7 	5 	10 	10 	1 	9 	10 	4 	2 	5 	9 	10 	7 	8 	
		8 	4 	8 	2 	3 	3 	2 	6 	1 	10 	1 	5 	1 	2 	4 	8 	5 	2 	2 	4 	1 	4 	3 	2 	8 	6 	7 	6 	5 	3 	3 	2 	8 	3 	5 	2 	7 	6 	8 	9 	6 	10 	3 	8 	4 	7 	5 	8 	10 	8 	
		3 	3 	2 	7 	4 	1 	3 	2 	6 	7 	6 	1 	1 	4 	5 	7 	7 	1 	3 	6 	9 	10 	6 	1 	7 	1 	9 	4 	8 	9 	3 	2 	1 	6 	9 	6 	6 	1 	8 	4 	9 	3 	4 	1 	8 	8 	8 	7 	10 	2 	
		2 	10 	1 	9 	10 	9 	9 	1 	4 	8 	1 	7 	10 	3 	2 	8 	8 	10 	8 	7 	3 	8 	2 	6 	9 	9 	5 	6 	7 	6 	7 	9 	5 	9 	9 	4 	9 	8 	6 	3 	5 	6 	1 	6 	8 	4 	3 	8 	3 	2 	
		
# ALLOCATE :	<50> x <50> Matrix |allC|  ... 
# RESULTS : 	MPI computation ...
# 		Computed Matrix [50] x [50] |allC| ... 
		1245 	1585 	1471 	1615 	1474 	1606 	1211 	1420 	1437 	1764 	1749 	1232 	1071 	1072 	1346 	1716 	1571 	1620 	1559 	1626 	1650 	1596 	1157 	1681 	1287 	1328 	1711 	1607 	1732 	1605 	1909 	1264 	1422 	1492 	1970 	797 	1423 	1465 	1778 	1755 	1746 	1920 	1664 	1314 	1381 	1456 	1650 	1952 	1599 	1669 	
		1249 	1742 	1370 	1655 	1535 	1661 	1295 	1406 	1417 	1788 	1633 	1321 	1130 	1151 	1295 	1671 	1581 	1724 	1648 	1717 	1585 	1615 	1127 	1734 	1294 	1415 	1607 	1536 	1738 	1579 	1971 	1332 	1469 	1550 	1989 	794 	1548 	1530 	1788 	1772 	1726 	1984 	1706 	1287 	1446 	1475 	1568 	2009 	1630 	1589 	
		1281 	1719 	1361 	1703 	1550 	1596 	1301 	1408 	1441 	1889 	1640 	1319 	1127 	1162 	1332 	1783 	1658 	1677 	1627 	1759 	1648 	1767 	1175 	1660 	1435 	1427 	1743 	1584 	1817 	1685 	1919 	1324 	1475 	1582 	2092 	866 	1624 	1491 	1871 	1790 	1843 	1999 	1647 	1318 	1556 	1592 	1665 	2053 	1775 	1599 	
		1144 	1839 	1432 	1865 	1675 	1670 	1325 	1425 	1500 	1903 	1758 	1367 	1189 	1162 	1331 	1742 	1753 	1777 	1717 	1855 	1754 	1742 	1288 	1770 	1350 	1419 	1737 	1590 	1856 	1674 	2079 	1437 	1459 	1723 	2146 	894 	1529 	1623 	1843 	1789 	1872 	1929 	1782 	1305 	1492 	1505 	1662 	2076 	1686 	1654 	
		1178 	1702 	1465 	1685 	1483 	1582 	1163 	1428 	1363 	1843 	1706 	1328 	1042 	1148 	1257 	1678 	1605 	1596 	1618 	1738 	1632 	1572 	1212 	1747 	1204 	1335 	1588 	1520 	1757 	1500 	2025 	1350 	1472 	1571 	1943 	824 	1433 	1558 	1741 	1814 	1725 	1987 	1774 	1307 	1355 	1436 	1519 	1952 	1609 	1674 	
		1111 	1413 	1272 	1483 	1300 	1477 	1129 	1280 	1200 	1631 	1520 	1161 	945 	964 	1149 	1507 	1459 	1509 	1407 	1488 	1475 	1354 	1038 	1493 	1183 	1253 	1481 	1398 	1616 	1403 	1645 	1122 	1317 	1414 	1763 	708 	1368 	1321 	1696 	1604 	1489 	1741 	1540 	1135 	1222 	1324 	1460 	1857 	1510 	1464 	
		1207 	1582 	1287 	1662 	1429 	1682 	1268 	1370 	1252 	1767 	1600 	1301 	1108 	1104 	1165 	1632 	1570 	1701 	1561 	1650 	1578 	1453 	1073 	1683 	1225 	1396 	1532 	1458 	1793 	1456 	1866 	1330 	1424 	1539 	1890 	772 	1543 	1439 	1835 	1705 	1554 	1937 	1695 	1209 	1356 	1422 	1451 	2033 	1582 	1530 	
		1054 	1484 	1285 	1601 	1372 	1477 	1083 	1313 	1150 	1692 	1509 	1213 	1042 	989 	1066 	1552 	1488 	1518 	1404 	1569 	1477 	1388 	1066 	1544 	1093 	1251 	1501 	1366 	1649 	1298 	1819 	1311 	1313 	1405 	1769 	734 	1303 	1384 	1622 	1573 	1539 	1764 	1553 	1194 	1210 	1292 	1317 	1806 	1433 	1530 	
		1287 	1830 	1514 	1849 	1692 	1810 	1423 	1477 	1395 	2062 	1673 	1482 	1261 	1115 	1321 	1881 	1826 	1876 	1727 	1830 	1664 	1682 	1228 	1774 	1548 	1616 	1786 	1707 	1938 	1659 	2000 	1459 	1626 	1779 	2164 	875 	1710 	1715 	2016 	1898 	1806 	2102 	1724 	1465 	1513 	1567 	1686 	2248 	1783 	1742 	
		1372 	1803 	1463 	1749 	1592 	1678 	1330 	1561 	1423 	1924 	1636 	1358 	1096 	1189 	1349 	1681 	1680 	1805 	1613 	1833 	1661 	1614 	1230 	1697 	1344 	1460 	1758 	1514 	1846 	1593 	2003 	1332 	1538 	1591 	2087 	807 	1660 	1587 	2008 	1905 	1863 	2053 	1880 	1275 	1474 	1623 	1660 	2239 	1919 	1691 	
		1245 	1585 	1471 	1615 	1474 	1606 	1211 	1420 	1437 	1764 	1749 	1232 	1071 	1072 	1346 	1716 	1571 	1620 	1559 	1626 	1650 	1596 	1157 	1681 	1287 	1328 	1711 	1607 	1732 	1605 	1909 	1264 	1422 	1492 	1970 	797 	1423 	1465 	1778 	1755 	1746 	1920 	1664 	1314 	1381 	1456 	1650 	1952 	1599 	1669 	
		1249 	1742 	1370 	1655 	1535 	1661 	1295 	1406 	1417 	1788 	1633 	1321 	1130 	1151 	1295 	1671 	1581 	1724 	1648 	1717 	1585 	1615 	1127 	1734 	1294 	1415 	1607 	1536 	1738 	1579 	1971 	1332 	1469 	1550 	1989 	794 	1548 	1530 	1788 	1772 	1726 	1984 	1706 	1287 	1446 	1475 	1568 	2009 	1630 	1589 	
		1281 	1719 	1361 	1703 	1550 	1596 	1301 	1408 	1441 	1889 	1640 	1319 	1127 	1162 	1332 	1783 	1658 	1677 	1627 	1759 	1648 	1767 	1175 	1660 	1435 	1427 	1743 	1584 	1817 	1685 	1919 	1324 	1475 	1582 	2092 	866 	1624 	1491 	1871 	1790 	1843 	1999 	1647 	1318 	1556 	1592 	1665 	2053 	1775 	1599 	
		1144 	1839 	1432 	1865 	1675 	1670 	1325 	1425 	1500 	1903 	1758 	1367 	1189 	1162 	1331 	1742 	1753 	1777 	1717 	1855 	1754 	1742 	1288 	1770 	1350 	1419 	1737 	1590 	1856 	1674 	2079 	1437 	1459 	1723 	2146 	894 	1529 	1623 	1843 	1789 	1872 	1929 	1782 	1305 	1492 	1505 	1662 	2076 	1686 	1654 	
		1178 	1702 	1465 	1685 	1483 	1582 	1163 	1428 	1363 	1843 	1706 	1328 	1042 	1148 	1257 	1678 	1605 	1596 	1618 	1738 	1632 	1572 	1212 	1747 	1204 	1335 	1588 	1520 	1757 	1500 	2025 	1350 	1472 	1571 	1943 	824 	1433 	1558 	1741 	1814 	1725 	1987 	1774 	1307 	1355 	1436 	1519 	1952 	1609 	1674 	
		1111 	1413 	1272 	1483 	1300 	1477 	1129 	1280 	1200 	1631 	1520 	1161 	945 	964 	1149 	1507 	1459 	1509 	1407 	1488 	1475 	1354 	1038 	1493 	1183 	1253 	1481 	1398 	1616 	1403 	1645 	1122 	1317 	1414 	1763 	708 	1368 	1321 	1696 	1604 	1489 	1741 	1540 	1135 	1222 	1324 	1460 	1857 	1510 	1464 	
		1207 	1582 	1287 	1662 	1429 	1682 	1268 	1370 	1252 	1767 	1600 	1301 	1108 	1104 	1165 	1632 	1570 	1701 	1561 	1650 	1578 	1453 	1073 	1683 	1225 	1396 	1532 	1458 	1793 	1456 	1866 	1330 	1424 	1539 	1890 	772 	1543 	1439 	1835 	1705 	1554 	1937 	1695 	1209 	1356 	1422 	1451 	2033 	1582 	1530 	
		1054 	1484 	1285 	1601 	1372 	1477 	1083 	1313 	1150 	1692 	1509 	1213 	1042 	989 	1066 	1552 	1488 	1518 	1404 	1569 	1477 	1388 	1066 	1544 	1093 	1251 	1501 	1366 	1649 	1298 	1819 	1311 	1313 	1405 	1769 	734 	1303 	1384 	1622 	1573 	1539 	1764 	1553 	1194 	1210 	1292 	1317 	1806 	1433 	1530 	
		1287 	1830 	1514 	1849 	1692 	1810 	1423 	1477 	1395 	2062 	1673 	1482 	1261 	1115 	1321 	1881 	1826 	1876 	1727 	1830 	1664 	1682 	1228 	1774 	1548 	1616 	1786 	1707 	1938 	1659 	2000 	1459 	1626 	1779 	2164 	875 	1710 	1715 	2016 	1898 	1806 	2102 	1724 	1465 	1513 	1567 	1686 	2248 	1783 	1742 	
		1372 	1803 	1463 	1749 	1592 	1678 	1330 	1561 	1423 	1924 	1636 	1358 	1096 	1189 	1349 	1681 	1680 	1805 	1613 	1833 	1661 	1614 	1230 	1697 	1344 	1460 	1758 	1514 	1846 	1593 	2003 	1332 	1538 	1591 	2087 	807 	1660 	1587 	2008 	1905 	1863 	2053 	1880 	1275 	1474 	1623 	1660 	2239 	1919 	1691 	
		1245 	1585 	1471 	1615 	1474 	1606 	1211 	1420 	1437 	1764 	1749 	1232 	1071 	1072 	1346 	1716 	1571 	1620 	1559 	1626 	1650 	1596 	1157 	1681 	1287 	1328 	1711 	1607 	1732 	1605 	1909 	1264 	1422 	1492 	1970 	797 	1423 	1465 	1778 	1755 	1746 	1920 	1664 	1314 	1381 	1456 	1650 	1952 	1599 	1669 	
		1249 	1742 	1370 	1655 	1535 	1661 	1295 	1406 	1417 	1788 	1633 	1321 	1130 	1151 	1295 	1671 	1581 	1724 	1648 	1717 	1585 	1615 	1127 	1734 	1294 	1415 	1607 	1536 	1738 	1579 	1971 	1332 	1469 	1550 	1989 	794 	1548 	1530 	1788 	1772 	1726 	1984 	1706 	1287 	1446 	1475 	1568 	2009 	1630 	1589 	
		1281 	1719 	1361 	1703 	1550 	1596 	1301 	1408 	1441 	1889 	1640 	1319 	1127 	1162 	1332 	1783 	1658 	1677 	1627 	1759 	1648 	1767 	1175 	1660 	1435 	1427 	1743 	1584 	1817 	1685 	1919 	1324 	1475 	1582 	2092 	866 	1624 	1491 	1871 	1790 	1843 	1999 	1647 	1318 	1556 	1592 	1665 	2053 	1775 	1599 	
		1144 	1839 	1432 	1865 	1675 	1670 	1325 	1425 	1500 	1903 	1758 	1367 	1189 	1162 	1331 	1742 	1753 	1777 	1717 	1855 	1754 	1742 	1288 	1770 	1350 	1419 	1737 	1590 	1856 	1674 	2079 	1437 	1459 	1723 	2146 	894 	1529 	1623 	1843 	1789 	1872 	1929 	1782 	1305 	1492 	1505 	1662 	2076 	1686 	1654 	
		1178 	1702 	1465 	1685 	1483 	1582 	1163 	1428 	1363 	1843 	1706 	1328 	1042 	1148 	1257 	1678 	1605 	1596 	1618 	1738 	1632 	1572 	1212 	1747 	1204 	1335 	1588 	1520 	1757 	1500 	2025 	1350 	1472 	1571 	1943 	824 	1433 	1558 	1741 	1814 	1725 	1987 	1774 	1307 	1355 	1436 	1519 	1952 	1609 	1674 	
		1111 	1413 	1272 	1483 	1300 	1477 	1129 	1280 	1200 	1631 	1520 	1161 	945 	964 	1149 	1507 	1459 	1509 	1407 	1488 	1475 	1354 	1038 	1493 	1183 	1253 	1481 	1398 	1616 	1403 	1645 	1122 	1317 	1414 	1763 	708 	1368 	1321 	1696 	1604 	1489 	1741 	1540 	1135 	1222 	1324 	1460 	1857 	1510 	1464 	
		1207 	1582 	1287 	1662 	1429 	1682 	1268 	1370 	1252 	1767 	1600 	1301 	1108 	1104 	1165 	1632 	1570 	1701 	1561 	1650 	1578 	1453 	1073 	1683 	1225 	1396 	1532 	1458 	1793 	1456 	1866 	1330 	1424 	1539 	1890 	772 	1543 	1439 	1835 	1705 	1554 	1937 	1695 	1209 	1356 	1422 	1451 	2033 	1582 	1530 	
		1054 	1484 	1285 	1601 	1372 	1477 	1083 	1313 	1150 	1692 	1509 	1213 	1042 	989 	1066 	1552 	1488 	1518 	1404 	1569 	1477 	1388 	1066 	1544 	1093 	1251 	1501 	1366 	1649 	1298 	1819 	1311 	1313 	1405 	1769 	734 	1303 	1384 	1622 	1573 	1539 	1764 	1553 	1194 	1210 	1292 	1317 	1806 	1433 	1530 	
		1287 	1830 	1514 	1849 	1692 	1810 	1423 	1477 	1395 	2062 	1673 	1482 	1261 	1115 	1321 	1881 	1826 	1876 	1727 	1830 	1664 	1682 	1228 	1774 	1548 	1616 	1786 	1707 	1938 	1659 	2000 	1459 	1626 	1779 	2164 	875 	1710 	1715 	2016 	1898 	1806 	2102 	1724 	1465 	1513 	1567 	1686 	2248 	1783 	1742 	
		1372 	1803 	1463 	1749 	1592 	1678 	1330 	1561 	1423 	1924 	1636 	1358 	1096 	1189 	1349 	1681 	1680 	1805 	1613 	1833 	1661 	1614 	1230 	1697 	1344 	1460 	1758 	1514 	1846 	1593 	2003 	1332 	1538 	1591 	2087 	807 	1660 	1587 	2008 	1905 	1863 	2053 	1880 	1275 	1474 	1623 	1660 	2239 	1919 	1691 	
		1245 	1585 	1471 	1615 	1474 	1606 	1211 	1420 	1437 	1764 	1749 	1232 	1071 	1072 	1346 	1716 	1571 	1620 	1559 	1626 	1650 	1596 	1157 	1681 	1287 	1328 	1711 	1607 	1732 	1605 	1909 	1264 	1422 	1492 	1970 	797 	1423 	1465 	1778 	1755 	1746 	1920 	1664 	1314 	1381 	1456 	1650 	1952 	1599 	1669 	
		1249 	1742 	1370 	1655 	1535 	1661 	1295 	1406 	1417 	1788 	1633 	1321 	1130 	1151 	1295 	1671 	1581 	1724 	1648 	1717 	1585 	1615 	1127 	1734 	1294 	1415 	1607 	1536 	1738 	1579 	1971 	1332 	1469 	1550 	1989 	794 	1548 	1530 	1788 	1772 	1726 	1984 	1706 	1287 	1446 	1475 	1568 	2009 	1630 	1589 	
		1281 	1719 	1361 	1703 	1550 	1596 	1301 	1408 	1441 	1889 	1640 	1319 	1127 	1162 	1332 	1783 	1658 	1677 	1627 	1759 	1648 	1767 	1175 	1660 	1435 	1427 	1743 	1584 	1817 	1685 	1919 	1324 	1475 	1582 	2092 	866 	1624 	1491 	1871 	1790 	1843 	1999 	1647 	1318 	1556 	1592 	1665 	2053 	1775 	1599 	
		1144 	1839 	1432 	1865 	1675 	1670 	1325 	1425 	1500 	1903 	1758 	1367 	1189 	1162 	1331 	1742 	1753 	1777 	1717 	1855 	1754 	1742 	1288 	1770 	1350 	1419 	1737 	1590 	1856 	1674 	2079 	1437 	1459 	1723 	2146 	894 	1529 	1623 	1843 	1789 	1872 	1929 	1782 	1305 	1492 	1505 	1662 	2076 	1686 	1654 	
		1178 	1702 	1465 	1685 	1483 	1582 	1163 	1428 	1363 	1843 	1706 	1328 	1042 	1148 	1257 	1678 	1605 	1596 	1618 	1738 	1632 	1572 	1212 	1747 	1204 	1335 	1588 	1520 	1757 	1500 	2025 	1350 	1472 	1571 	1943 	824 	1433 	1558 	1741 	1814 	1725 	1987 	1774 	1307 	1355 	1436 	1519 	1952 	1609 	1674 	
		1111 	1413 	1272 	1483 	1300 	1477 	1129 	1280 	1200 	1631 	1520 	1161 	945 	964 	1149 	1507 	1459 	1509 	1407 	1488 	1475 	1354 	1038 	1493 	1183 	1253 	1481 	1398 	1616 	1403 	1645 	1122 	1317 	1414 	1763 	708 	1368 	1321 	1696 	1604 	1489 	1741 	1540 	1135 	1222 	1324 	1460 	1857 	1510 	1464 	
		1207 	1582 	1287 	1662 	1429 	1682 	1268 	1370 	1252 	1767 	1600 	1301 	1108 	1104 	1165 	1632 	1570 	1701 	1561 	1650 	1578 	1453 	1073 	1683 	1225 	1396 	1532 	1458 	1793 	1456 	1866 	1330 	1424 	1539 	1890 	772 	1543 	1439 	1835 	1705 	1554 	1937 	1695 	1209 	1356 	1422 	1451 	2033 	1582 	1530 	
		1054 	1484 	1285 	1601 	1372 	1477 	1083 	1313 	1150 	1692 	1509 	1213 	1042 	989 	1066 	1552 	1488 	1518 	1404 	1569 	1477 	1388 	1066 	1544 	1093 	1251 	1501 	1366 	1649 	1298 	1819 	1311 	1313 	1405 	1769 	734 	1303 	1384 	1622 	1573 	1539 	1764 	1553 	1194 	1210 	1292 	1317 	1806 	1433 	1530 	
		1287 	1830 	1514 	1849 	1692 	1810 	1423 	1477 	1395 	2062 	1673 	1482 	1261 	1115 	1321 	1881 	1826 	1876 	1727 	1830 	1664 	1682 	1228 	1774 	1548 	1616 	1786 	1707 	1938 	1659 	2000 	1459 	1626 	1779 	2164 	875 	1710 	1715 	2016 	1898 	1806 	2102 	1724 	1465 	1513 	1567 	1686 	2248 	1783 	1742 	
		1372 	1803 	1463 	1749 	1592 	1678 	1330 	1561 	1423 	1924 	1636 	1358 	1096 	1189 	1349 	1681 	1680 	1805 	1613 	1833 	1661 	1614 	1230 	1697 	1344 	1460 	1758 	1514 	1846 	1593 	2003 	1332 	1538 	1591 	2087 	807 	1660 	1587 	2008 	1905 	1863 	2053 	1880 	1275 	1474 	1623 	1660 	2239 	1919 	1691 	
		1245 	1585 	1471 	1615 	1474 	1606 	1211 	1420 	1437 	1764 	1749 	1232 	1071 	1072 	1346 	1716 	1571 	1620 	1559 	1626 	1650 	1596 	1157 	1681 	1287 	1328 	1711 	1607 	1732 	1605 	1909 	1264 	1422 	1492 	1970 	797 	1423 	1465 	1778 	1755 	1746 	1920 	1664 	1314 	1381 	1456 	1650 	1952 	1599 	1669 	
		1249 	1742 	1370 	1655 	1535 	1661 	1295 	1406 	1417 	1788 	1633 	1321 	1130 	1151 	1295 	1671 	1581 	1724 	1648 	1717 	1585 	1615 	1127 	1734 	1294 	1415 	1607 	1536 	1738 	1579 	1971 	1332 	1469 	1550 	1989 	794 	1548 	1530 	1788 	1772 	1726 	1984 	1706 	1287 	1446 	1475 	1568 	2009 	1630 	1589 	
		1281 	1719 	1361 	1703 	1550 	1596 	1301 	1408 	1441 	1889 	1640 	1319 	1127 	1162 	1332 	1783 	1658 	1677 	1627 	1759 	1648 	1767 	1175 	1660 	1435 	1427 	1743 	1584 	1817 	1685 	1919 	1324 	1475 	1582 	2092 	866 	1624 	1491 	1871 	1790 	1843 	1999 	1647 	1318 	1556 	1592 	1665 	2053 	1775 	1599 	
		1144 	1839 	1432 	1865 	1675 	1670 	1325 	1425 	1500 	1903 	1758 	1367 	1189 	1162 	1331 	1742 	1753 	1777 	1717 	1855 	1754 	1742 	1288 	1770 	1350 	1419 	1737 	1590 	1856 	1674 	2079 	1437 	1459 	1723 	2146 	894 	1529 	1623 	1843 	1789 	1872 	1929 	1782 	1305 	1492 	1505 	1662 	2076 	1686 	1654 	
		1178 	1702 	1465 	1685 	1483 	1582 	1163 	1428 	1363 	1843 	1706 	1328 	1042 	1148 	1257 	1678 	1605 	1596 	1618 	1738 	1632 	1572 	1212 	1747 	1204 	1335 	1588 	1520 	1757 	1500 	2025 	1350 	1472 	1571 	1943 	824 	1433 	1558 	1741 	1814 	1725 	1987 	1774 	1307 	1355 	1436 	1519 	1952 	1609 	1674 	
		1111 	1413 	1272 	1483 	1300 	1477 	1129 	1280 	1200 	1631 	1520 	1161 	945 	964 	1149 	1507 	1459 	1509 	1407 	1488 	1475 	1354 	1038 	1493 	1183 	1253 	1481 	1398 	1616 	1403 	1645 	1122 	1317 	1414 	1763 	708 	1368 	1321 	1696 	1604 	1489 	1741 	1540 	1135 	1222 	1324 	1460 	1857 	1510 	1464 	
		1207 	1582 	1287 	1662 	1429 	1682 	1268 	1370 	1252 	1767 	1600 	1301 	1108 	1104 	1165 	1632 	1570 	1701 	1561 	1650 	1578 	1453 	1073 	1683 	1225 	1396 	1532 	1458 	1793 	1456 	1866 	1330 	1424 	1539 	1890 	772 	1543 	1439 	1835 	1705 	1554 	1937 	1695 	1209 	1356 	1422 	1451 	2033 	1582 	1530 	
		1054 	1484 	1285 	1601 	1372 	1477 	1083 	1313 	1150 	1692 	1509 	1213 	1042 	989 	1066 	1552 	1488 	1518 	1404 	1569 	1477 	1388 	1066 	1544 	1093 	1251 	1501 	1366 	1649 	1298 	1819 	1311 	1313 	1405 	1769 	734 	1303 	1384 	1622 	1573 	1539 	1764 	1553 	1194 	1210 	1292 	1317 	1806 	1433 	1530 	
		1287 	1830 	1514 	1849 	1692 	1810 	1423 	1477 	1395 	2062 	1673 	1482 	1261 	1115 	1321 	1881 	1826 	1876 	1727 	1830 	1664 	1682 	1228 	1774 	1548 	1616 	1786 	1707 	1938 	1659 	2000 	1459 	1626 	1779 	2164 	875 	1710 	1715 	2016 	1898 	1806 	2102 	1724 	1465 	1513 	1567 	1686 	2248 	1783 	1742 	
		1372 	1803 	1463 	1749 	1592 	1678 	1330 	1561 	1423 	1924 	1636 	1358 	1096 	1189 	1349 	1681 	1680 	1805 	1613 	1833 	1661 	1614 	1230 	1697 	1344 	1460 	1758 	1514 	1846 	1593 	2003 	1332 	1538 	1591 	2087 	807 	1660 	1587 	2008 	1905 	1863 	2053 	1880 	1275 	1474 	1623 	1660 	2239 	1919 	1691 	
		
# 		Matrix |allC| calculated in [0.008890] seconds and has infinity norm of [83811.0] ... 

# INITIALIZE :	<50> x <50> matrix |allC| for Straight-forward IJK manual computation ... 
		0 	0 	0 	0 	0 	0 	0 	0 	0 	0 	0 	0 	0 	0 	0 	0 	0 	0 	0 	0 	0 	0 	0 	0 	0 	0 	0 	0 	0 	0 	0 	0 	0 	0 	0 	0 	0 	0 	0 	0 	0 	0 	0 	0 	0 	0 	0 	0 	0 	0 	
		0 	0 	0 	0 	0 	0 	0 	0 	0 	0 	0 	0 	0 	0 	0 	0 	0 	0 	0 	0 	0 	0 	0 	0 	0 	0 	0 	0 	0 	0 	0 	0 	0 	0 	0 	0 	0 	0 	0 	0 	0 	0 	0 	0 	0 	0 	0 	0 	0 	0 	
		0 	0 	0 	0 	0 	0 	0 	0 	0 	0 	0 	0 	0 	0 	0 	0 	0 	0 	0 	0 	0 	0 	0 	0 	0 	0 	0 	0 	0 	0 	0 	0 	0 	0 	0 	0 	0 	0 	0 	0 	0 	0 	0 	0 	0 	0 	0 	0 	0 	0 	
		0 	0 	0 	0 	0 	0 	0 	0 	0 	0 	0 	0 	0 	0 	0 	0 	0 	0 	0 	0 	0 	0 	0 	0 	0 	0 	0 	0 	0 	0 	0 	0 	0 	0 	0 	0 	0 	0 	0 	0 	0 	0 	0 	0 	0 	0 	0 	0 	0 	0 	
		0 	0 	0 	0 	0 	0 	0 	0 	0 	0 	0 	0 	0 	0 	0 	0 	0 	0 	0 	0 	0 	0 	0 	0 	0 	0 	0 	0 	0 	0 	0 	0 	0 	0 	0 	0 	0 	0 	0 	0 	0 	0 	0 	0 	0 	0 	0 	0 	0 	0 	
		0 	0 	0 	0 	0 	0 	0 	0 	0 	0 	0 	0 	0 	0 	0 	0 	0 	0 	0 	0 	0 	0 	0 	0 	0 	0 	0 	0 	0 	0 	0 	0 	0 	0 	0 	0 	0 	0 	0 	0 	0 	0 	0 	0 	0 	0 	0 	0 	0 	0 	
		0 	0 	0 	0 	0 	0 	0 	0 	0 	0 	0 	0 	0 	0 	0 	0 	0 	0 	0 	0 	0 	0 	0 	0 	0 	0 	0 	0 	0 	0 	0 	0 	0 	0 	0 	0 	0 	0 	0 	0 	0 	0 	0 	0 	0 	0 	0 	0 	0 	0 	
		0 	0 	0 	0 	0 	0 	0 	0 	0 	0 	0 	0 	0 	0 	0 	0 	0 	0 	0 	0 	0 	0 	0 	0 	0 	0 	0 	0 	0 	0 	0 	0 	0 	0 	0 	0 	0 	0 	0 	0 	0 	0 	0 	0 	0 	0 	0 	0 	0 	0 	
		0 	0 	0 	0 	0 	0 	0 	0 	0 	0 	0 	0 	0 	0 	0 	0 	0 	0 	0 	0 	0 	0 	0 	0 	0 	0 	0 	0 	0 	0 	0 	0 	0 	0 	0 	0 	0 	0 	0 	0 	0 	0 	0 	0 	0 	0 	0 	0 	0 	0 	
		0 	0 	0 	0 	0 	0 	0 	0 	0 	0 	0 	0 	0 	0 	0 	0 	0 	0 	0 	0 	0 	0 	0 	0 	0 	0 	0 	0 	0 	0 	0 	0 	0 	0 	0 	0 	0 	0 	0 	0 	0 	0 	0 	0 	0 	0 	0 	0 	0 	0 	
		0 	0 	0 	0 	0 	0 	0 	0 	0 	0 	0 	0 	0 	0 	0 	0 	0 	0 	0 	0 	0 	0 	0 	0 	0 	0 	0 	0 	0 	0 	0 	0 	0 	0 	0 	0 	0 	0 	0 	0 	0 	0 	0 	0 	0 	0 	0 	0 	0 	0 	
		0 	0 	0 	0 	0 	0 	0 	0 	0 	0 	0 	0 	0 	0 	0 	0 	0 	0 	0 	0 	0 	0 	0 	0 	0 	0 	0 	0 	0 	0 	0 	0 	0 	0 	0 	0 	0 	0 	0 	0 	0 	0 	0 	0 	0 	0 	0 	0 	0 	0 	
		0 	0 	0 	0 	0 	0 	0 	0 	0 	0 	0 	0 	0 	0 	0 	0 	0 	0 	0 	0 	0 	0 	0 	0 	0 	0 	0 	0 	0 	0 	0 	0 	0 	0 	0 	0 	0 	0 	0 	0 	0 	0 	0 	0 	0 	0 	0 	0 	0 	0 	
		0 	0 	0 	0 	0 	0 	0 	0 	0 	0 	0 	0 	0 	0 	0 	0 	0 	0 	0 	0 	0 	0 	0 	0 	0 	0 	0 	0 	0 	0 	0 	0 	0 	0 	0 	0 	0 	0 	0 	0 	0 	0 	0 	0 	0 	0 	0 	0 	0 	0 	
		0 	0 	0 	0 	0 	0 	0 	0 	0 	0 	0 	0 	0 	0 	0 	0 	0 	0 	0 	0 	0 	0 	0 	0 	0 	0 	0 	0 	0 	0 	0 	0 	0 	0 	0 	0 	0 	0 	0 	0 	0 	0 	0 	0 	0 	0 	0 	0 	0 	0 	
		0 	0 	0 	0 	0 	0 	0 	0 	0 	0 	0 	0 	0 	0 	0 	0 	0 	0 	0 	0 	0 	0 	0 	0 	0 	0 	0 	0 	0 	0 	0 	0 	0 	0 	0 	0 	0 	0 	0 	0 	0 	0 	0 	0 	0 	0 	0 	0 	0 	0 	
		0 	0 	0 	0 	0 	0 	0 	0 	0 	0 	0 	0 	0 	0 	0 	0 	0 	0 	0 	0 	0 	0 	0 	0 	0 	0 	0 	0 	0 	0 	0 	0 	0 	0 	0 	0 	0 	0 	0 	0 	0 	0 	0 	0 	0 	0 	0 	0 	0 	0 	
		0 	0 	0 	0 	0 	0 	0 	0 	0 	0 	0 	0 	0 	0 	0 	0 	0 	0 	0 	0 	0 	0 	0 	0 	0 	0 	0 	0 	0 	0 	0 	0 	0 	0 	0 	0 	0 	0 	0 	0 	0 	0 	0 	0 	0 	0 	0 	0 	0 	0 	
		0 	0 	0 	0 	0 	0 	0 	0 	0 	0 	0 	0 	0 	0 	0 	0 	0 	0 	0 	0 	0 	0 	0 	0 	0 	0 	0 	0 	0 	0 	0 	0 	0 	0 	0 	0 	0 	0 	0 	0 	0 	0 	0 	0 	0 	0 	0 	0 	0 	0 	
		0 	0 	0 	0 	0 	0 	0 	0 	0 	0 	0 	0 	0 	0 	0 	0 	0 	0 	0 	0 	0 	0 	0 	0 	0 	0 	0 	0 	0 	0 	0 	0 	0 	0 	0 	0 	0 	0 	0 	0 	0 	0 	0 	0 	0 	0 	0 	0 	0 	0 	
		0 	0 	0 	0 	0 	0 	0 	0 	0 	0 	0 	0 	0 	0 	0 	0 	0 	0 	0 	0 	0 	0 	0 	0 	0 	0 	0 	0 	0 	0 	0 	0 	0 	0 	0 	0 	0 	0 	0 	0 	0 	0 	0 	0 	0 	0 	0 	0 	0 	0 	
		0 	0 	0 	0 	0 	0 	0 	0 	0 	0 	0 	0 	0 	0 	0 	0 	0 	0 	0 	0 	0 	0 	0 	0 	0 	0 	0 	0 	0 	0 	0 	0 	0 	0 	0 	0 	0 	0 	0 	0 	0 	0 	0 	0 	0 	0 	0 	0 	0 	0 	
		0 	0 	0 	0 	0 	0 	0 	0 	0 	0 	0 	0 	0 	0 	0 	0 	0 	0 	0 	0 	0 	0 	0 	0 	0 	0 	0 	0 	0 	0 	0 	0 	0 	0 	0 	0 	0 	0 	0 	0 	0 	0 	0 	0 	0 	0 	0 	0 	0 	0 	
		0 	0 	0 	0 	0 	0 	0 	0 	0 	0 	0 	0 	0 	0 	0 	0 	0 	0 	0 	0 	0 	0 	0 	0 	0 	0 	0 	0 	0 	0 	0 	0 	0 	0 	0 	0 	0 	0 	0 	0 	0 	0 	0 	0 	0 	0 	0 	0 	0 	0 	
		0 	0 	0 	0 	0 	0 	0 	0 	0 	0 	0 	0 	0 	0 	0 	0 	0 	0 	0 	0 	0 	0 	0 	0 	0 	0 	0 	0 	0 	0 	0 	0 	0 	0 	0 	0 	0 	0 	0 	0 	0 	0 	0 	0 	0 	0 	0 	0 	0 	0 	
		0 	0 	0 	0 	0 	0 	0 	0 	0 	0 	0 	0 	0 	0 	0 	0 	0 	0 	0 	0 	0 	0 	0 	0 	0 	0 	0 	0 	0 	0 	0 	0 	0 	0 	0 	0 	0 	0 	0 	0 	0 	0 	0 	0 	0 	0 	0 	0 	0 	0 	
		0 	0 	0 	0 	0 	0 	0 	0 	0 	0 	0 	0 	0 	0 	0 	0 	0 	0 	0 	0 	0 	0 	0 	0 	0 	0 	0 	0 	0 	0 	0 	0 	0 	0 	0 	0 	0 	0 	0 	0 	0 	0 	0 	0 	0 	0 	0 	0 	0 	0 	
		0 	0 	0 	0 	0 	0 	0 	0 	0 	0 	0 	0 	0 	0 	0 	0 	0 	0 	0 	0 	0 	0 	0 	0 	0 	0 	0 	0 	0 	0 	0 	0 	0 	0 	0 	0 	0 	0 	0 	0 	0 	0 	0 	0 	0 	0 	0 	0 	0 	0 	
		0 	0 	0 	0 	0 	0 	0 	0 	0 	0 	0 	0 	0 	0 	0 	0 	0 	0 	0 	0 	0 	0 	0 	0 	0 	0 	0 	0 	0 	0 	0 	0 	0 	0 	0 	0 	0 	0 	0 	0 	0 	0 	0 	0 	0 	0 	0 	0 	0 	0 	
		0 	0 	0 	0 	0 	0 	0 	0 	0 	0 	0 	0 	0 	0 	0 	0 	0 	0 	0 	0 	0 	0 	0 	0 	0 	0 	0 	0 	0 	0 	0 	0 	0 	0 	0 	0 	0 	0 	0 	0 	0 	0 	0 	0 	0 	0 	0 	0 	0 	0 	
		0 	0 	0 	0 	0 	0 	0 	0 	0 	0 	0 	0 	0 	0 	0 	0 	0 	0 	0 	0 	0 	0 	0 	0 	0 	0 	0 	0 	0 	0 	0 	0 	0 	0 	0 	0 	0 	0 	0 	0 	0 	0 	0 	0 	0 	0 	0 	0 	0 	0 	
		0 	0 	0 	0 	0 	0 	0 	0 	0 	0 	0 	0 	0 	0 	0 	0 	0 	0 	0 	0 	0 	0 	0 	0 	0 	0 	0 	0 	0 	0 	0 	0 	0 	0 	0 	0 	0 	0 	0 	0 	0 	0 	0 	0 	0 	0 	0 	0 	0 	0 	
		0 	0 	0 	0 	0 	0 	0 	0 	0 	0 	0 	0 	0 	0 	0 	0 	0 	0 	0 	0 	0 	0 	0 	0 	0 	0 	0 	0 	0 	0 	0 	0 	0 	0 	0 	0 	0 	0 	0 	0 	0 	0 	0 	0 	0 	0 	0 	0 	0 	0 	
		0 	0 	0 	0 	0 	0 	0 	0 	0 	0 	0 	0 	0 	0 	0 	0 	0 	0 	0 	0 	0 	0 	0 	0 	0 	0 	0 	0 	0 	0 	0 	0 	0 	0 	0 	0 	0 	0 	0 	0 	0 	0 	0 	0 	0 	0 	0 	0 	0 	0 	
		0 	0 	0 	0 	0 	0 	0 	0 	0 	0 	0 	0 	0 	0 	0 	0 	0 	0 	0 	0 	0 	0 	0 	0 	0 	0 	0 	0 	0 	0 	0 	0 	0 	0 	0 	0 	0 	0 	0 	0 	0 	0 	0 	0 	0 	0 	0 	0 	0 	0 	
		0 	0 	0 	0 	0 	0 	0 	0 	0 	0 	0 	0 	0 	0 	0 	0 	0 	0 	0 	0 	0 	0 	0 	0 	0 	0 	0 	0 	0 	0 	0 	0 	0 	0 	0 	0 	0 	0 	0 	0 	0 	0 	0 	0 	0 	0 	0 	0 	0 	0 	
		0 	0 	0 	0 	0 	0 	0 	0 	0 	0 	0 	0 	0 	0 	0 	0 	0 	0 	0 	0 	0 	0 	0 	0 	0 	0 	0 	0 	0 	0 	0 	0 	0 	0 	0 	0 	0 	0 	0 	0 	0 	0 	0 	0 	0 	0 	0 	0 	0 	0 	
		0 	0 	0 	0 	0 	0 	0 	0 	0 	0 	0 	0 	0 	0 	0 	0 	0 	0 	0 	0 	0 	0 	0 	0 	0 	0 	0 	0 	0 	0 	0 	0 	0 	0 	0 	0 	0 	0 	0 	0 	0 	0 	0 	0 	0 	0 	0 	0 	0 	0 	
		0 	0 	0 	0 	0 	0 	0 	0 	0 	0 	0 	0 	0 	0 	0 	0 	0 	0 	0 	0 	0 	0 	0 	0 	0 	0 	0 	0 	0 	0 	0 	0 	0 	0 	0 	0 	0 	0 	0 	0 	0 	0 	0 	0 	0 	0 	0 	0 	0 	0 	
		0 	0 	0 	0 	0 	0 	0 	0 	0 	0 	0 	0 	0 	0 	0 	0 	0 	0 	0 	0 	0 	0 	0 	0 	0 	0 	0 	0 	0 	0 	0 	0 	0 	0 	0 	0 	0 	0 	0 	0 	0 	0 	0 	0 	0 	0 	0 	0 	0 	0 	
		0 	0 	0 	0 	0 	0 	0 	0 	0 	0 	0 	0 	0 	0 	0 	0 	0 	0 	0 	0 	0 	0 	0 	0 	0 	0 	0 	0 	0 	0 	0 	0 	0 	0 	0 	0 	0 	0 	0 	0 	0 	0 	0 	0 	0 	0 	0 	0 	0 	0 	
		0 	0 	0 	0 	0 	0 	0 	0 	0 	0 	0 	0 	0 	0 	0 	0 	0 	0 	0 	0 	0 	0 	0 	0 	0 	0 	0 	0 	0 	0 	0 	0 	0 	0 	0 	0 	0 	0 	0 	0 	0 	0 	0 	0 	0 	0 	0 	0 	0 	0 	
		0 	0 	0 	0 	0 	0 	0 	0 	0 	0 	0 	0 	0 	0 	0 	0 	0 	0 	0 	0 	0 	0 	0 	0 	0 	0 	0 	0 	0 	0 	0 	0 	0 	0 	0 	0 	0 	0 	0 	0 	0 	0 	0 	0 	0 	0 	0 	0 	0 	0 	
		0 	0 	0 	0 	0 	0 	0 	0 	0 	0 	0 	0 	0 	0 	0 	0 	0 	0 	0 	0 	0 	0 	0 	0 	0 	0 	0 	0 	0 	0 	0 	0 	0 	0 	0 	0 	0 	0 	0 	0 	0 	0 	0 	0 	0 	0 	0 	0 	0 	0 	
		0 	0 	0 	0 	0 	0 	0 	0 	0 	0 	0 	0 	0 	0 	0 	0 	0 	0 	0 	0 	0 	0 	0 	0 	0 	0 	0 	0 	0 	0 	0 	0 	0 	0 	0 	0 	0 	0 	0 	0 	0 	0 	0 	0 	0 	0 	0 	0 	0 	0 	
		0 	0 	0 	0 	0 	0 	0 	0 	0 	0 	0 	0 	0 	0 	0 	0 	0 	0 	0 	0 	0 	0 	0 	0 	0 	0 	0 	0 	0 	0 	0 	0 	0 	0 	0 	0 	0 	0 	0 	0 	0 	0 	0 	0 	0 	0 	0 	0 	0 	0 	
		0 	0 	0 	0 	0 	0 	0 	0 	0 	0 	0 	0 	0 	0 	0 	0 	0 	0 	0 	0 	0 	0 	0 	0 	0 	0 	0 	0 	0 	0 	0 	0 	0 	0 	0 	0 	0 	0 	0 	0 	0 	0 	0 	0 	0 	0 	0 	0 	0 	0 	
		0 	0 	0 	0 	0 	0 	0 	0 	0 	0 	0 	0 	0 	0 	0 	0 	0 	0 	0 	0 	0 	0 	0 	0 	0 	0 	0 	0 	0 	0 	0 	0 	0 	0 	0 	0 	0 	0 	0 	0 	0 	0 	0 	0 	0 	0 	0 	0 	0 	0 	
		0 	0 	0 	0 	0 	0 	0 	0 	0 	0 	0 	0 	0 	0 	0 	0 	0 	0 	0 	0 	0 	0 	0 	0 	0 	0 	0 	0 	0 	0 	0 	0 	0 	0 	0 	0 	0 	0 	0 	0 	0 	0 	0 	0 	0 	0 	0 	0 	0 	0 	
		0 	0 	0 	0 	0 	0 	0 	0 	0 	0 	0 	0 	0 	0 	0 	0 	0 	0 	0 	0 	0 	0 	0 	0 	0 	0 	0 	0 	0 	0 	0 	0 	0 	0 	0 	0 	0 	0 	0 	0 	0 	0 	0 	0 	0 	0 	0 	0 	0 	0 	
		
# RESULTS : 	Straight-forward IJK computation ...
# 		Computed Matrix [50] x [50] |allC| ... 
		1245 	1585 	1471 	1615 	1474 	1606 	1211 	1420 	1437 	1764 	1749 	1232 	1071 	1072 	1346 	1716 	1571 	1620 	1559 	1626 	1650 	1596 	1157 	1681 	1287 	1328 	1711 	1607 	1732 	1605 	1909 	1264 	1422 	1492 	1970 	797 	1423 	1465 	1778 	1755 	1746 	1920 	1664 	1314 	1381 	1456 	1650 	1952 	1599 	1669 	
		1249 	1742 	1370 	1655 	1535 	1661 	1295 	1406 	1417 	1788 	1633 	1321 	1130 	1151 	1295 	1671 	1581 	1724 	1648 	1717 	1585 	1615 	1127 	1734 	1294 	1415 	1607 	1536 	1738 	1579 	1971 	1332 	1469 	1550 	1989 	794 	1548 	1530 	1788 	1772 	1726 	1984 	1706 	1287 	1446 	1475 	1568 	2009 	1630 	1589 	
		1281 	1719 	1361 	1703 	1550 	1596 	1301 	1408 	1441 	1889 	1640 	1319 	1127 	1162 	1332 	1783 	1658 	1677 	1627 	1759 	1648 	1767 	1175 	1660 	1435 	1427 	1743 	1584 	1817 	1685 	1919 	1324 	1475 	1582 	2092 	866 	1624 	1491 	1871 	1790 	1843 	1999 	1647 	1318 	1556 	1592 	1665 	2053 	1775 	1599 	
		1144 	1839 	1432 	1865 	1675 	1670 	1325 	1425 	1500 	1903 	1758 	1367 	1189 	1162 	1331 	1742 	1753 	1777 	1717 	1855 	1754 	1742 	1288 	1770 	1350 	1419 	1737 	1590 	1856 	1674 	2079 	1437 	1459 	1723 	2146 	894 	1529 	1623 	1843 	1789 	1872 	1929 	1782 	1305 	1492 	1505 	1662 	2076 	1686 	1654 	
		1178 	1702 	1465 	1685 	1483 	1582 	1163 	1428 	1363 	1843 	1706 	1328 	1042 	1148 	1257 	1678 	1605 	1596 	1618 	1738 	1632 	1572 	1212 	1747 	1204 	1335 	1588 	1520 	1757 	1500 	2025 	1350 	1472 	1571 	1943 	824 	1433 	1558 	1741 	1814 	1725 	1987 	1774 	1307 	1355 	1436 	1519 	1952 	1609 	1674 	
		1111 	1413 	1272 	1483 	1300 	1477 	1129 	1280 	1200 	1631 	1520 	1161 	945 	964 	1149 	1507 	1459 	1509 	1407 	1488 	1475 	1354 	1038 	1493 	1183 	1253 	1481 	1398 	1616 	1403 	1645 	1122 	1317 	1414 	1763 	708 	1368 	1321 	1696 	1604 	1489 	1741 	1540 	1135 	1222 	1324 	1460 	1857 	1510 	1464 	
		1207 	1582 	1287 	1662 	1429 	1682 	1268 	1370 	1252 	1767 	1600 	1301 	1108 	1104 	1165 	1632 	1570 	1701 	1561 	1650 	1578 	1453 	1073 	1683 	1225 	1396 	1532 	1458 	1793 	1456 	1866 	1330 	1424 	1539 	1890 	772 	1543 	1439 	1835 	1705 	1554 	1937 	1695 	1209 	1356 	1422 	1451 	2033 	1582 	1530 	
		1054 	1484 	1285 	1601 	1372 	1477 	1083 	1313 	1150 	1692 	1509 	1213 	1042 	989 	1066 	1552 	1488 	1518 	1404 	1569 	1477 	1388 	1066 	1544 	1093 	1251 	1501 	1366 	1649 	1298 	1819 	1311 	1313 	1405 	1769 	734 	1303 	1384 	1622 	1573 	1539 	1764 	1553 	1194 	1210 	1292 	1317 	1806 	1433 	1530 	
		1287 	1830 	1514 	1849 	1692 	1810 	1423 	1477 	1395 	2062 	1673 	1482 	1261 	1115 	1321 	1881 	1826 	1876 	1727 	1830 	1664 	1682 	1228 	1774 	1548 	1616 	1786 	1707 	1938 	1659 	2000 	1459 	1626 	1779 	2164 	875 	1710 	1715 	2016 	1898 	1806 	2102 	1724 	1465 	1513 	1567 	1686 	2248 	1783 	1742 	
		1372 	1803 	1463 	1749 	1592 	1678 	1330 	1561 	1423 	1924 	1636 	1358 	1096 	1189 	1349 	1681 	1680 	1805 	1613 	1833 	1661 	1614 	1230 	1697 	1344 	1460 	1758 	1514 	1846 	1593 	2003 	1332 	1538 	1591 	2087 	807 	1660 	1587 	2008 	1905 	1863 	2053 	1880 	1275 	1474 	1623 	1660 	2239 	1919 	1691 	
		1245 	1585 	1471 	1615 	1474 	1606 	1211 	1420 	1437 	1764 	1749 	1232 	1071 	1072 	1346 	1716 	1571 	1620 	1559 	1626 	1650 	1596 	1157 	1681 	1287 	1328 	1711 	1607 	1732 	1605 	1909 	1264 	1422 	1492 	1970 	797 	1423 	1465 	1778 	1755 	1746 	1920 	1664 	1314 	1381 	1456 	1650 	1952 	1599 	1669 	
		1249 	1742 	1370 	1655 	1535 	1661 	1295 	1406 	1417 	1788 	1633 	1321 	1130 	1151 	1295 	1671 	1581 	1724 	1648 	1717 	1585 	1615 	1127 	1734 	1294 	1415 	1607 	1536 	1738 	1579 	1971 	1332 	1469 	1550 	1989 	794 	1548 	1530 	1788 	1772 	1726 	1984 	1706 	1287 	1446 	1475 	1568 	2009 	1630 	1589 	
		1281 	1719 	1361 	1703 	1550 	1596 	1301 	1408 	1441 	1889 	1640 	1319 	1127 	1162 	1332 	1783 	1658 	1677 	1627 	1759 	1648 	1767 	1175 	1660 	1435 	1427 	1743 	1584 	1817 	1685 	1919 	1324 	1475 	1582 	2092 	866 	1624 	1491 	1871 	1790 	1843 	1999 	1647 	1318 	1556 	1592 	1665 	2053 	1775 	1599 	
		1144 	1839 	1432 	1865 	1675 	1670 	1325 	1425 	1500 	1903 	1758 	1367 	1189 	1162 	1331 	1742 	1753 	1777 	1717 	1855 	1754 	1742 	1288 	1770 	1350 	1419 	1737 	1590 	1856 	1674 	2079 	1437 	1459 	1723 	2146 	894 	1529 	1623 	1843 	1789 	1872 	1929 	1782 	1305 	1492 	1505 	1662 	2076 	1686 	1654 	
		1178 	1702 	1465 	1685 	1483 	1582 	1163 	1428 	1363 	1843 	1706 	1328 	1042 	1148 	1257 	1678 	1605 	1596 	1618 	1738 	1632 	1572 	1212 	1747 	1204 	1335 	1588 	1520 	1757 	1500 	2025 	1350 	1472 	1571 	1943 	824 	1433 	1558 	1741 	1814 	1725 	1987 	1774 	1307 	1355 	1436 	1519 	1952 	1609 	1674 	
		1111 	1413 	1272 	1483 	1300 	1477 	1129 	1280 	1200 	1631 	1520 	1161 	945 	964 	1149 	1507 	1459 	1509 	1407 	1488 	1475 	1354 	1038 	1493 	1183 	1253 	1481 	1398 	1616 	1403 	1645 	1122 	1317 	1414 	1763 	708 	1368 	1321 	1696 	1604 	1489 	1741 	1540 	1135 	1222 	1324 	1460 	1857 	1510 	1464 	
		1207 	1582 	1287 	1662 	1429 	1682 	1268 	1370 	1252 	1767 	1600 	1301 	1108 	1104 	1165 	1632 	1570 	1701 	1561 	1650 	1578 	1453 	1073 	1683 	1225 	1396 	1532 	1458 	1793 	1456 	1866 	1330 	1424 	1539 	1890 	772 	1543 	1439 	1835 	1705 	1554 	1937 	1695 	1209 	1356 	1422 	1451 	2033 	1582 	1530 	
		1054 	1484 	1285 	1601 	1372 	1477 	1083 	1313 	1150 	1692 	1509 	1213 	1042 	989 	1066 	1552 	1488 	1518 	1404 	1569 	1477 	1388 	1066 	1544 	1093 	1251 	1501 	1366 	1649 	1298 	1819 	1311 	1313 	1405 	1769 	734 	1303 	1384 	1622 	1573 	1539 	1764 	1553 	1194 	1210 	1292 	1317 	1806 	1433 	1530 	
		1287 	1830 	1514 	1849 	1692 	1810 	1423 	1477 	1395 	2062 	1673 	1482 	1261 	1115 	1321 	1881 	1826 	1876 	1727 	1830 	1664 	1682 	1228 	1774 	1548 	1616 	1786 	1707 	1938 	1659 	2000 	1459 	1626 	1779 	2164 	875 	1710 	1715 	2016 	1898 	1806 	2102 	1724 	1465 	1513 	1567 	1686 	2248 	1783 	1742 	
		1372 	1803 	1463 	1749 	1592 	1678 	1330 	1561 	1423 	1924 	1636 	1358 	1096 	1189 	1349 	1681 	1680 	1805 	1613 	1833 	1661 	1614 	1230 	1697 	1344 	1460 	1758 	1514 	1846 	1593 	2003 	1332 	1538 	1591 	2087 	807 	1660 	1587 	2008 	1905 	1863 	2053 	1880 	1275 	1474 	1623 	1660 	2239 	1919 	1691 	
		1245 	1585 	1471 	1615 	1474 	1606 	1211 	1420 	1437 	1764 	1749 	1232 	1071 	1072 	1346 	1716 	1571 	1620 	1559 	1626 	1650 	1596 	1157 	1681 	1287 	1328 	1711 	1607 	1732 	1605 	1909 	1264 	1422 	1492 	1970 	797 	1423 	1465 	1778 	1755 	1746 	1920 	1664 	1314 	1381 	1456 	1650 	1952 	1599 	1669 	
		1249 	1742 	1370 	1655 	1535 	1661 	1295 	1406 	1417 	1788 	1633 	1321 	1130 	1151 	1295 	1671 	1581 	1724 	1648 	1717 	1585 	1615 	1127 	1734 	1294 	1415 	1607 	1536 	1738 	1579 	1971 	1332 	1469 	1550 	1989 	794 	1548 	1530 	1788 	1772 	1726 	1984 	1706 	1287 	1446 	1475 	1568 	2009 	1630 	1589 	
		1281 	1719 	1361 	1703 	1550 	1596 	1301 	1408 	1441 	1889 	1640 	1319 	1127 	1162 	1332 	1783 	1658 	1677 	1627 	1759 	1648 	1767 	1175 	1660 	1435 	1427 	1743 	1584 	1817 	1685 	1919 	1324 	1475 	1582 	2092 	866 	1624 	1491 	1871 	1790 	1843 	1999 	1647 	1318 	1556 	1592 	1665 	2053 	1775 	1599 	
		1144 	1839 	1432 	1865 	1675 	1670 	1325 	1425 	1500 	1903 	1758 	1367 	1189 	1162 	1331 	1742 	1753 	1777 	1717 	1855 	1754 	1742 	1288 	1770 	1350 	1419 	1737 	1590 	1856 	1674 	2079 	1437 	1459 	1723 	2146 	894 	1529 	1623 	1843 	1789 	1872 	1929 	1782 	1305 	1492 	1505 	1662 	2076 	1686 	1654 	
		1178 	1702 	1465 	1685 	1483 	1582 	1163 	1428 	1363 	1843 	1706 	1328 	1042 	1148 	1257 	1678 	1605 	1596 	1618 	1738 	1632 	1572 	1212 	1747 	1204 	1335 	1588 	1520 	1757 	1500 	2025 	1350 	1472 	1571 	1943 	824 	1433 	1558 	1741 	1814 	1725 	1987 	1774 	1307 	1355 	1436 	1519 	1952 	1609 	1674 	
		1111 	1413 	1272 	1483 	1300 	1477 	1129 	1280 	1200 	1631 	1520 	1161 	945 	964 	1149 	1507 	1459 	1509 	1407 	1488 	1475 	1354 	1038 	1493 	1183 	1253 	1481 	1398 	1616 	1403 	1645 	1122 	1317 	1414 	1763 	708 	1368 	1321 	1696 	1604 	1489 	1741 	1540 	1135 	1222 	1324 	1460 	1857 	1510 	1464 	
		1207 	1582 	1287 	1662 	1429 	1682 	1268 	1370 	1252 	1767 	1600 	1301 	1108 	1104 	1165 	1632 	1570 	1701 	1561 	1650 	1578 	1453 	1073 	1683 	1225 	1396 	1532 	1458 	1793 	1456 	1866 	1330 	1424 	1539 	1890 	772 	1543 	1439 	1835 	1705 	1554 	1937 	1695 	1209 	1356 	1422 	1451 	2033 	1582 	1530 	
		1054 	1484 	1285 	1601 	1372 	1477 	1083 	1313 	1150 	1692 	1509 	1213 	1042 	989 	1066 	1552 	1488 	1518 	1404 	1569 	1477 	1388 	1066 	1544 	1093 	1251 	1501 	1366 	1649 	1298 	1819 	1311 	1313 	1405 	1769 	734 	1303 	1384 	1622 	1573 	1539 	1764 	1553 	1194 	1210 	1292 	1317 	1806 	1433 	1530 	
		1287 	1830 	1514 	1849 	1692 	1810 	1423 	1477 	1395 	2062 	1673 	1482 	1261 	1115 	1321 	1881 	1826 	1876 	1727 	1830 	1664 	1682 	1228 	1774 	1548 	1616 	1786 	1707 	1938 	1659 	2000 	1459 	1626 	1779 	2164 	875 	1710 	1715 	2016 	1898 	1806 	2102 	1724 	1465 	1513 	1567 	1686 	2248 	1783 	1742 	
		1372 	1803 	1463 	1749 	1592 	1678 	1330 	1561 	1423 	1924 	1636 	1358 	1096 	1189 	1349 	1681 	1680 	1805 	1613 	1833 	1661 	1614 	1230 	1697 	1344 	1460 	1758 	1514 	1846 	1593 	2003 	1332 	1538 	1591 	2087 	807 	1660 	1587 	2008 	1905 	1863 	2053 	1880 	1275 	1474 	1623 	1660 	2239 	1919 	1691 	
		1245 	1585 	1471 	1615 	1474 	1606 	1211 	1420 	1437 	1764 	1749 	1232 	1071 	1072 	1346 	1716 	1571 	1620 	1559 	1626 	1650 	1596 	1157 	1681 	1287 	1328 	1711 	1607 	1732 	1605 	1909 	1264 	1422 	1492 	1970 	797 	1423 	1465 	1778 	1755 	1746 	1920 	1664 	1314 	1381 	1456 	1650 	1952 	1599 	1669 	
		1249 	1742 	1370 	1655 	1535 	1661 	1295 	1406 	1417 	1788 	1633 	1321 	1130 	1151 	1295 	1671 	1581 	1724 	1648 	1717 	1585 	1615 	1127 	1734 	1294 	1415 	1607 	1536 	1738 	1579 	1971 	1332 	1469 	1550 	1989 	794 	1548 	1530 	1788 	1772 	1726 	1984 	1706 	1287 	1446 	1475 	1568 	2009 	1630 	1589 	
		1281 	1719 	1361 	1703 	1550 	1596 	1301 	1408 	1441 	1889 	1640 	1319 	1127 	1162 	1332 	1783 	1658 	1677 	1627 	1759 	1648 	1767 	1175 	1660 	1435 	1427 	1743 	1584 	1817 	1685 	1919 	1324 	1475 	1582 	2092 	866 	1624 	1491 	1871 	1790 	1843 	1999 	1647 	1318 	1556 	1592 	1665 	2053 	1775 	1599 	
		1144 	1839 	1432 	1865 	1675 	1670 	1325 	1425 	1500 	1903 	1758 	1367 	1189 	1162 	1331 	1742 	1753 	1777 	1717 	1855 	1754 	1742 	1288 	1770 	1350 	1419 	1737 	1590 	1856 	1674 	2079 	1437 	1459 	1723 	2146 	894 	1529 	1623 	1843 	1789 	1872 	1929 	1782 	1305 	1492 	1505 	1662 	2076 	1686 	1654 	
		1178 	1702 	1465 	1685 	1483 	1582 	1163 	1428 	1363 	1843 	1706 	1328 	1042 	1148 	1257 	1678 	1605 	1596 	1618 	1738 	1632 	1572 	1212 	1747 	1204 	1335 	1588 	1520 	1757 	1500 	2025 	1350 	1472 	1571 	1943 	824 	1433 	1558 	1741 	1814 	1725 	1987 	1774 	1307 	1355 	1436 	1519 	1952 	1609 	1674 	
		1111 	1413 	1272 	1483 	1300 	1477 	1129 	1280 	1200 	1631 	1520 	1161 	945 	964 	1149 	1507 	1459 	1509 	1407 	1488 	1475 	1354 	1038 	1493 	1183 	1253 	1481 	1398 	1616 	1403 	1645 	1122 	1317 	1414 	1763 	708 	1368 	1321 	1696 	1604 	1489 	1741 	1540 	1135 	1222 	1324 	1460 	1857 	1510 	1464 	
		1207 	1582 	1287 	1662 	1429 	1682 	1268 	1370 	1252 	1767 	1600 	1301 	1108 	1104 	1165 	1632 	1570 	1701 	1561 	1650 	1578 	1453 	1073 	1683 	1225 	1396 	1532 	1458 	1793 	1456 	1866 	1330 	1424 	1539 	1890 	772 	1543 	1439 	1835 	1705 	1554 	1937 	1695 	1209 	1356 	1422 	1451 	2033 	1582 	1530 	
		1054 	1484 	1285 	1601 	1372 	1477 	1083 	1313 	1150 	1692 	1509 	1213 	1042 	989 	1066 	1552 	1488 	1518 	1404 	1569 	1477 	1388 	1066 	1544 	1093 	1251 	1501 	1366 	1649 	1298 	1819 	1311 	1313 	1405 	1769 	734 	1303 	1384 	1622 	1573 	1539 	1764 	1553 	1194 	1210 	1292 	1317 	1806 	1433 	1530 	
		1287 	1830 	1514 	1849 	1692 	1810 	1423 	1477 	1395 	2062 	1673 	1482 	1261 	1115 	1321 	1881 	1826 	1876 	1727 	1830 	1664 	1682 	1228 	1774 	1548 	1616 	1786 	1707 	1938 	1659 	2000 	1459 	1626 	1779 	2164 	875 	1710 	1715 	2016 	1898 	1806 	2102 	1724 	1465 	1513 	1567 	1686 	2248 	1783 	1742 	
		1372 	1803 	1463 	1749 	1592 	1678 	1330 	1561 	1423 	1924 	1636 	1358 	1096 	1189 	1349 	1681 	1680 	1805 	1613 	1833 	1661 	1614 	1230 	1697 	1344 	1460 	1758 	1514 	1846 	1593 	2003 	1332 	1538 	1591 	2087 	807 	1660 	1587 	2008 	1905 	1863 	2053 	1880 	1275 	1474 	1623 	1660 	2239 	1919 	1691 	
		1245 	1585 	1471 	1615 	1474 	1606 	1211 	1420 	1437 	1764 	1749 	1232 	1071 	1072 	1346 	1716 	1571 	1620 	1559 	1626 	1650 	1596 	1157 	1681 	1287 	1328 	1711 	1607 	1732 	1605 	1909 	1264 	1422 	1492 	1970 	797 	1423 	1465 	1778 	1755 	1746 	1920 	1664 	1314 	1381 	1456 	1650 	1952 	1599 	1669 	
		1249 	1742 	1370 	1655 	1535 	1661 	1295 	1406 	1417 	1788 	1633 	1321 	1130 	1151 	1295 	1671 	1581 	1724 	1648 	1717 	1585 	1615 	1127 	1734 	1294 	1415 	1607 	1536 	1738 	1579 	1971 	1332 	1469 	1550 	1989 	794 	1548 	1530 	1788 	1772 	1726 	1984 	1706 	1287 	1446 	1475 	1568 	2009 	1630 	1589 	
		1281 	1719 	1361 	1703 	1550 	1596 	1301 	1408 	1441 	1889 	1640 	1319 	1127 	1162 	1332 	1783 	1658 	1677 	1627 	1759 	1648 	1767 	1175 	1660 	1435 	1427 	1743 	1584 	1817 	1685 	1919 	1324 	1475 	1582 	2092 	866 	1624 	1491 	1871 	1790 	1843 	1999 	1647 	1318 	1556 	1592 	1665 	2053 	1775 	1599 	
		1144 	1839 	1432 	1865 	1675 	1670 	1325 	1425 	1500 	1903 	1758 	1367 	1189 	1162 	1331 	1742 	1753 	1777 	1717 	1855 	1754 	1742 	1288 	1770 	1350 	1419 	1737 	1590 	1856 	1674 	2079 	1437 	1459 	1723 	2146 	894 	1529 	1623 	1843 	1789 	1872 	1929 	1782 	1305 	1492 	1505 	1662 	2076 	1686 	1654 	
		1178 	1702 	1465 	1685 	1483 	1582 	1163 	1428 	1363 	1843 	1706 	1328 	1042 	1148 	1257 	1678 	1605 	1596 	1618 	1738 	1632 	1572 	1212 	1747 	1204 	1335 	1588 	1520 	1757 	1500 	2025 	1350 	1472 	1571 	1943 	824 	1433 	1558 	1741 	1814 	1725 	1987 	1774 	1307 	1355 	1436 	1519 	1952 	1609 	1674 	
		1111 	1413 	1272 	1483 	1300 	1477 	1129 	1280 	1200 	1631 	1520 	1161 	945 	964 	1149 	1507 	1459 	1509 	1407 	1488 	1475 	1354 	1038 	1493 	1183 	1253 	1481 	1398 	1616 	1403 	1645 	1122 	1317 	1414 	1763 	708 	1368 	1321 	1696 	1604 	1489 	1741 	1540 	1135 	1222 	1324 	1460 	1857 	1510 	1464 	
		1207 	1582 	1287 	1662 	1429 	1682 	1268 	1370 	1252 	1767 	1600 	1301 	1108 	1104 	1165 	1632 	1570 	1701 	1561 	1650 	1578 	1453 	1073 	1683 	1225 	1396 	1532 	1458 	1793 	1456 	1866 	1330 	1424 	1539 	1890 	772 	1543 	1439 	1835 	1705 	1554 	1937 	1695 	1209 	1356 	1422 	1451 	2033 	1582 	1530 	
		1054 	1484 	1285 	1601 	1372 	1477 	1083 	1313 	1150 	1692 	1509 	1213 	1042 	989 	1066 	1552 	1488 	1518 	1404 	1569 	1477 	1388 	1066 	1544 	1093 	1251 	1501 	1366 	1649 	1298 	1819 	1311 	1313 	1405 	1769 	734 	1303 	1384 	1622 	1573 	1539 	1764 	1553 	1194 	1210 	1292 	1317 	1806 	1433 	1530 	
		1287 	1830 	1514 	1849 	1692 	1810 	1423 	1477 	1395 	2062 	1673 	1482 	1261 	1115 	1321 	1881 	1826 	1876 	1727 	1830 	1664 	1682 	1228 	1774 	1548 	1616 	1786 	1707 	1938 	1659 	2000 	1459 	1626 	1779 	2164 	875 	1710 	1715 	2016 	1898 	1806 	2102 	1724 	1465 	1513 	1567 	1686 	2248 	1783 	1742 	
		1372 	1803 	1463 	1749 	1592 	1678 	1330 	1561 	1423 	1924 	1636 	1358 	1096 	1189 	1349 	1681 	1680 	1805 	1613 	1833 	1661 	1614 	1230 	1697 	1344 	1460 	1758 	1514 	1846 	1593 	2003 	1332 	1538 	1591 	2087 	807 	1660 	1587 	2008 	1905 	1863 	2053 	1880 	1275 	1474 	1623 	1660 	2239 	1919 	1691 	
		
# 		Matrix |allC| calculated in [0.001089] seconds and has infinity norm of [83811.0] ... 

